[gd_scene load_steps=24 format=3 uid="uid://ca4uchglbi37g"]

[ext_resource type="PackedScene" uid="uid://cave0dvi8i7rh" path="res://lib/shard/shard.tscn" id="1_fiv0q"]
[ext_resource type="PackedScene" uid="uid://pconmu7n0aev" path="res://shards/playground/props/bamboo/meshes/bamboo.glb" id="2_m67mg"]
[ext_resource type="Script" uid="uid://bnchiul4t411m" path="res://shards/playground/playground.gd" id="2_rvw1y"]
[ext_resource type="Material" uid="uid://dqqw1cju3b7h6" path="res://shards/playground/materials/mat_night_sky.tres" id="2_tahua"]
[ext_resource type="PackedScene" uid="uid://dfqc760v1ljpr" path="res://shards/playground/meshes/landscape.glb" id="3_aut2g"]
[ext_resource type="PackedScene" uid="uid://dn4mx27dqt7yo" path="res://lib/shard/foliage_spawner/foliage_spawner.tscn" id="5_u67vg"]
[ext_resource type="AudioStream" uid="uid://cih0evhjc054h" path="res://shards/playground/sounds/ambience.ogg" id="6_42lni"]
[ext_resource type="ArrayMesh" uid="uid://7dxgm1hl7c0r" path="res://shards/playground/props/grass/meshes/grass.res" id="6_rgmr2"]
[ext_resource type="PackedScene" uid="uid://bpy6tnc050xy6" path="res://shards/playground/props/daisies/meshes/daisies.glb" id="7_rgmr2"]
[ext_resource type="PackedScene" uid="uid://ryyhp7qf3geq" path="res://shards/playground/props/fog_volume/fog_volume.tscn" id="11_r4xcf"]
[ext_resource type="PackedScene" uid="uid://c87qysmwmmkk4" path="res://shards/playground/props/tree/meshes/tree.glb" id="12_fq4iu"]
[ext_resource type="Texture2D" uid="uid://210v4in36vha" path="res://shards/playground/materials/textures/rock_decal.png" id="12_judrx"]
[ext_resource type="Texture2D" uid="uid://cplitpdhow6ar" path="res://shards/playground/materials/textures/moon_diff.png" id="13_58tgt"]
[ext_resource type="PackedScene" uid="uid://cdm24pjj0huol" path="res://shards/playground/props/tree/billboard/meshes/tree_b_b.tscn" id="16_iqvk5"]
[ext_resource type="PackedScene" uid="uid://cm1i00vv1oloh" path="res://shards/playground/props/tree/billboard/meshes/tree_b_c.tscn" id="17_8gts6"]
[ext_resource type="PackedScene" uid="uid://bwis8vf1ikmc5" path="res://shards/playground/props/bamboo/billboard/meshes/bamboo_b_a.tscn" id="17_judrx"]
[ext_resource type="PackedScene" uid="uid://b3eweb51qkttk" path="res://things/doodad/doodad.tscn" id="18_judrx"]

[sub_resource type="Sky" id="Sky_rfd7c"]
sky_material = ExtResource("2_tahua")

[sub_resource type="Environment" id="Environment_fiv0q"]
background_mode = 2
sky = SubResource("Sky_rfd7c")
ambient_light_source = 2
ambient_light_color = Color(0.20041844, 0.27167064, 0.34174857, 1)
tonemap_mode = 2
tonemap_exposure = 1.25
glow_enabled = true
glow_normalized = true
glow_bloom = 0.25
fog_enabled = true
fog_mode = 1
fog_light_color = Color(0.0095, 0.011524987, 0.05, 1)
fog_density = 1.0
fog_sky_affect = 0.0
fog_depth_begin = 7.0
fog_depth_end = 30.0
volumetric_fog_enabled = true
volumetric_fog_density = 0.0
volumetric_fog_albedo = Color(0.007843138, 0.011764706, 0.050980393, 1)
volumetric_fog_sky_affect = 0.0
adjustment_enabled = true
adjustment_saturation = 1.12

[sub_resource type="MultiMesh" id="MultiMesh_judrx"]
transform_format = 1
use_colors = true
instance_count = 36
visible_instance_count = 36
mesh = ExtResource("6_rgmr2")
buffer = PackedFloat32Array(1.5733024, 0, -0.5576681, 1.916023, 0, 2.5038204, 0, 0, 0.5576681, 0, 1.5733024, -0.36176884, 0.4135943, 0.6429138, 0.0026276037, 1, -1.7337613, 0, 0.6166773, 0.40505484, 0, 3.066947, 0, 0, -0.6166773, 0, -1.7337613, 2.3667192, 0.39475083, 0.6204566, 0.0033051958, 1, 1.5191447, 0, -1.2870917, 0.023660528, 0, 3.318469, 0, 0, 1.2870917, 0, 1.5191447, -1.1614501, 0.0934463, 0.26136753, 0.01413979, 1, -0.11951219, 0, 1.8405346, -1.1561196, 0, 3.0740178, 0, 0, -1.8405346, 0, -0.11951219, 0.28196967, 0.12072121, 0.29387325, 0.013159012, 1, -0.3291685, 0, -1.5766964, 0.89061385, 0, 2.4160357, 0, 0, 1.5766964, 0, -0.3291685, 1.7308927, 0.27549902, 0.47833446, 0.0075933663, 1, 1.2718445, 0, 1.4023913, -2.1137805, 0, 2.8398333, 0, 0, -1.4023913, 0, 1.2718445, 0.38626394, 0.29184034, 0.49780977, 0.0070057493, 1, -0.14455217, 0, -1.9937308, -2.486751, 0, 1.9989642, 0, 0, 1.9937308, 0, -0.14455217, -1.7321401, 0.27188826, 0.47403124, 0.007723205, 1, 1.3257558, 0, -1.2866485, -1.9983708, 0, 2.4632745, 0, 0, 1.2866485, 0, 1.3257558, -0.6151542, 0.25399244, 0.45270333, 0.00836672, 1, 1.1605655, 0, -1.2602445, 0.052406326, 0, 3.1409063, 0, 0, 1.2602445, 0, 1.1605655, 1.2692782, 0.030785011, 0.18668899, 0.016393024, 1, 0.26269075, 0, 1.9188992, 2.1305025, 0, 2.5823953, 0, 0, -1.9188992, 0, 0.26269075, -0.92450976, 0.34745646, 0.564092, 0.0050058523, 1, 0.016282124, 0, -1.5806335, 0.8705129, 0, 2.6345289, 0, 0, 1.5806335, 0, 0.016282124, -0.7751705, 0.3477308, 0.5644189, 0.0049959878, 1, -0.32307708, 0, 1.5460296, -0.38611522, 0, 2.369139, 0, 0, -1.5460296, 0, -0.32307708, -1.3302491, 0.28663567, 0.49160692, 0.007192904, 1, -0.22864504, 0, 1.6218187, 2.1181664, 0, 2.456785, 0, 0, -1.6218187, 0, -0.22864504, 1.4393492, 0.4852471, 0.7283083, 5.104579e-05, 1, -0.45307893, 0, -1.4573957, -1.3501444, 0, 2.289298, 0, 0, 1.4573957, 0, -0.45307893, -0.34658468, 0.13208602, 0.30741763, 0.012750346, 1, -0.65547377, 0, -1.7732017, -0.5588, 0, 3.4658682, 0, 0, 1.7732017, 0, -0.65547377, 0.15061775, 0.27350822, 0.4759619, 0.0076649534, 1, 0.15409274, 0, -1.5471586, -1.5356704, 0, 1.8139488, 0, 0, 1.5471586, 0, 0.15409274, -2.1627705, 0.32289574, 0.534821, 0.00588903, 1, -1.7487051, 0, 0.061319012, -1.3088328, 0, 2.33304, 0, 0, -0.061319012, 0, -1.7487051, 2.100887, 0.07041541, 0.23391974, 0.014967957, 1, 1.4929631, 0, 1.1040151, -1.943506, 0, 2.1662922, 0, 0, -1.1040151, 0, 1.4929631, -1.3361953, 0.45248574, 0.6892638, 0.0012291092, 1, -1.2364055, 0, 0.86460894, 2.1756368, 0, 2.0116317, 0, 0, -0.86460894, 0, -1.2364055, 1.9253954, 0.3260413, 0.5385698, 0.0057759183, 1, 1.5325245, 0, -0.1705754, 1.3613696, 0, 2.56998, 0, 0, 0.1705754, 0, 1.5325245, 1.23843, 0.19547977, 0.38296908, 0.010470774, 1, 1.2382077, 0, -1.3734963, -0.8160144, 0, 2.4656396, 0, 0, 1.3734963, 0, 1.2382077, -2.1618173, 0.15490755, 0.3346159, 0.011929708, 1, 1.0800619, 0, 1.4262271, 2.261574, 0, 2.087211, 0, 0, -1.4262271, 0, 1.0800619, -2.264324, 0.0372184, 0.19435619, 0.016161686, 1, -1.5399148, 0, 0.5226286, -0.6103727, 0, 2.4392776, 0, 0, -0.5226286, 0, -1.5399148, 1.7285976, 0.46082246, 0.69919944, 0.00092932954, 1, -1.2726313, 0, -0.80515987, -1.9027435, 0, 2.007928, 0, 0, 0.80515987, 0, -1.2726313, 0.8416607, 0.062902436, 0.22496593, 0.015238116, 1, 1.893102, 0, 0.0140552, 0.6698139, 0, 2.8397312, 0, 0, -0.0140552, 0, 1.893102, -2.142376, 0.11750781, 0.2900436, 0.0132745635, 1, 0.7339156, 0, -1.4212525, -1.6500746, 0, 2.3993392, 0, 0, 1.4212525, 0, 0.7339156, 1.2748336, 0.32439253, 0.5366048, 0.005835207, 1, -1.6775225, 0, 1.060843, 2.0918353, 0, 3.3080163, 0, 0, -1.060843, 0, -1.6775225, 0.19399457, 0.11914242, 0.29199168, 0.013215784, 1, 1.2886249, 0, -1.2186908, -1.359369, 0, 2.3648393, 0, 0, 1.2186908, 0, 1.2886249, -1.3739781, 0.060842454, 0.22251087, 0.01531219, 1, 1.2149037, 0, 1.3235033, 0.3657805, 0, 3.5931334, 0, 0, -1.3235033, 0, 1.2149037, 0.5515189, 0.08832314, 0.25526184, 0.014324013, 1, 0.6134564, 0, 1.5691965, 1.2821497, 0, 3.0888846, 0, 0, -1.5691965, 0, 0.6134564, 0.017316904, 0.23774627, 0.43334147, 0.008950915, 1, -0.33109578, 0, -1.4975469, -0.49542233, 0, 2.556186, 0, 0, 1.4975469, 0, -0.33109578, 1.003176, 0.2118947, 0.40253207, 0.009880509, 1, -1.4833677, 0, -0.450858, 1.4018099, 0, 2.3255577, 0, 0, 0.450858, 0, -1.4833677, -1.1726828, 0.056979753, 0.2179074, 0.015451089, 1, -1.5778116, 0, -1.0838323, -0.2778781, 0, 3.190342, 0, 0, 1.0838323, 0, -1.5778116, -0.2691654, 0.34353325, 0.5594164, 0.005146927, 1, 1.3716247, 0, -0.92466503, 0.53278965, 0, 3.03269, 0, 0, 0.92466503, 0, 1.3716247, -0.6055747, 0.20545049, 0.39485198, 0.010112237, 1, -1.9698138, 0, 0.32125184, -2.0303488, 0, 2.3284776, 0, 0, -0.32125184, 0, -1.9698138, 2.3891728, 0.21475428, 0.4059401, 0.009777682, 1, -0.5914363, 0, 1.6703266, 0.97719264, 0, 2.362593, 0, 0, -1.6703266, 0, -0.5914363, -2.100144, 0.116738945, 0.28912726, 0.013302211, 1)

[sub_resource type="MultiMesh" id="MultiMesh_8gts6"]
transform_format = 1
use_colors = true
instance_count = 36
visible_instance_count = 36
mesh = ExtResource("6_rgmr2")
buffer = PackedFloat32Array(0.52297413, 0, 1.5363342, -2.741661, 0, 2.7048435, 0, 0, -1.5363342, 0, 0.52297413, 1.3647144, 0.38289073, 0.60632193, 0.0037316727, 1, -0.9576732, 0, -1.6012784, 2.07878, 0, 3.887095, 0, 0, 1.6012784, 0, -0.9576732, 0.333581, 0.19288293, 0.3798742, 0.010564154, 1, 1.1412778, 0, -1.4175917, -2.763187, 0, 3.0331874, 0, 0, 1.4175917, 0, 1.1412778, -0.5461273, 0.08479978, 0.25106278, 0.014450709, 1, -1.0973591, 0, -1.2841111, 1.5676858, 0, 3.8709087, 0, 0, 1.2841111, 0, -1.0973591, 0.6195627, 0.41714588, 0.64714646, 0.0024998942, 1, 1.5906245, 0, -0.24224207, 1.1551867, 0, 2.681608, 0, 0, 0.24224207, 0, 1.5906245, -2.9712632, 0.46224052, 0.70088947, 0.00087833777, 1, -0.027934596, 0, 1.7976222, 2.2541192, 0, 2.9963987, 0, 0, -1.7976222, 0, -0.027934596, -1.4976236, 0.006666894, 0.15794548, 0.017260287, 1, 0.69087666, 0, 1.3820682, 0.49465963, 0, 2.8971167, 0, 0, -1.3820682, 0, 0.69087666, -2.5173886, 0.21640109, 0.4079027, 0.009718466, 1, 1.5772358, 0, -0.21913108, -1.8107342, 0, 2.9857228, 0, 0, 0.21913108, 0, 1.5772358, 1.1447936, 0.057783015, 0.21886471, 0.0154222045, 1, 1.4665176, 0, 0.35465765, 0.09921304, 0, 3.4576502, 0, 0, -0.35465765, 0, 1.4665176, 1.0430443, 0.44988367, 0.6861628, 0.0013226774, 1, -1.4810994, 0, 0.4657035, 2.2040431, 0, 2.9111056, 0, 0, -0.4657035, 0, -1.4810994, -0.4541049, 0.3005888, 0.50823605, 0.0066911634, 1, 1.8244443, 0, 0.11714501, -1.5722538, 0, 2.6661267, 0, 0, -0.11714501, 0, 1.8244443, -2.9564004, 0.32245257, 0.5342928, 0.005904965, 1, 0.5438811, 0, -1.5147176, 0.3164762, 0, 4.0235057, 0, 0, 1.5147176, 0, 0.5438811, 0.34650785, 0.21703365, 0.40865657, 0.009695719, 1, 0.2738792, 0, -1.7114528, -0.4002093, 0, 2.8887143, 0, 0, 1.7114528, 0, 0.2738792, -2.5751734, 0.42241883, 0.6534307, 0.0023102835, 1, -1.6612195, 0, 0.9406962, -2.645882, 0, 2.7840645, 0, 0, -0.9406962, 0, -1.6612195, -1.7376325, 0.39726704, 0.6234553, 0.003214716, 1, -1.3777059, 0, -0.9410934, 0.36952943, 0, 3.8235347, 0, 0, 0.9410934, 0, -1.3777059, -0.7008301, 0.3984538, 0.6248697, 0.003172041, 1, -1.4485207, 0, 1.1789739, -1.9787863, 0, 3.1127834, 0, 0, -1.1789739, 0, -1.4485207, -1.8947908, 0.11988023, 0.292871, 0.013189254, 1, 1.6398373, 0, 0.9386642, -0.27227378, 0, 3.5427856, 0, 0, -0.9386642, 0, 1.6398373, -1.7529966, 0.3610032, 0.5802367, 0.004518726, 1, 1.3608425, 0, -1.301525, 1.6274784, 0, 3.923011, 0, 0, 1.301525, 0, 1.3608425, -0.62943494, 0.33658448, 0.55113494, 0.0053967973, 1, 1.2325599, 0, 1.2518786, 2.0309274, 0, 3.294031, 0, 0, -1.2518786, 0, 1.2325599, 1.3376155, 0.11132468, 0.28267464, 0.013496902, 1, 1.2812032, 0, 1.0472796, 0.47776875, 0, 3.4474452, 0, 0, -1.0472796, 0, 1.2812032, -1.433177, 0.01866998, 0.17225054, 0.016828667, 1, -1.7681127, 0, -0.63471985, -1.3982879, 0, 3.9137244, 0, 0, 0.63471985, 0, -1.7681127, 0.5687266, 0.22919384, 0.42314884, 0.009258452, 1, 0.22163422, 0, 1.501441, 2.5066938, 0, 2.2133286, 0, 0, -1.501441, 0, 0.22163422, -2.6807432, 0.24259634, 0.4391217, 0.008776511, 1, -0.930927, 0, 1.5998915, -0.9173885, 0, 3.4706635, 0, 0, -1.5998915, 0, -0.930927, 2.6599412, 0.24979949, 0.44770628, 0.0085174935, 1, 0.57357174, 0, -1.8019655, 0.013530116, 0, 3.9396842, 0, 0, 1.8019655, 0, 0.57357174, 2.2560444, 0.16145405, 0.3424179, 0.011694303, 1, 0.41686273, 0, -1.6853416, 1.0062541, 0, 3.2552457, 0, 0, 1.6853416, 0, 0.41686273, 2.0090802, 0.14983734, 0.3285733, 0.012112027, 1, -1.519739, 0, 0.72801065, -2.5551188, 0, 3.1595871, 0, 0, -0.72801065, 0, -1.519739, 0.47608352, 0.24414414, 0.44096634, 0.008720854, 1, -1.7347871, 0, -0.83005697, -0.35917586, 0, 4.407204, 0, 0, 0.83005697, 0, -1.7347871, 0.19108775, 0.45662305, 0.6941947, 0.001080336, 1, 1.8099838, 0, -0.6979368, 2.5651634, 0, 3.2331433, 0, 0, 0.6979368, 0, 1.8099838, 2.3075094, 0.2562657, 0.45541257, 0.008284976, 1, 0.8566203, 0, -1.3355516, -1.5628959, 0, 2.9749913, 0, 0, 1.3355516, 0, 0.8566203, -0.6273763, 0.0320275, 0.18816978, 0.016348345, 1, 1.3913753, 0, 0.93174744, -0.46460837, 0, 3.4886212, 0, 0, -0.93174744, 0, 1.3913753, -0.9130871, 0.12643938, 0.30068806, 0.012953393, 1, -1.8145057, 0, 0.54705584, -2.9994583, 0, 2.7638016, 0, 0, -0.54705584, 0, -1.8145057, 2.17179, 0.30915606, 0.5184463, 0.006383094, 1, -0.341806, 0, -1.6647284, -2.7102332, 0, 2.1243205, 0, 0, 1.6647284, 0, -0.341806, -2.8879147, 0.33811116, 0.55295444, 0.0053418986, 1, -1.1312155, 0, -1.119612, -0.46843147, 0, 3.315826, 0, 0, 1.119612, 0, -1.1312155, 1.5290991, 0.123245984, 0.2968822, 0.013068225, 1, 1.875343, 0, 0.4278329, 1.0305537, 0, 3.6066113, 0, 0, -0.4278329, 0, 1.875343, -1.9369022, 0.10537304, 0.2755816, 0.013710917, 1, 0.2709895, 0, 1.7707466, 1.5034916, 0, 3.732005, 0, 0, -1.7707466, 0, 0.2709895, 1.5217752, 0.3262459, 0.53881365, 0.0057685617, 1, 1.001359, 0, 1.4208859, -1.5727913, 0, 2.897143, 0, 0, -1.4208859, 0, 1.001359, 2.0253036, 0.3198872, 0.53123546, 0.0059972135, 1)

[sub_resource type="StandardMaterial3D" id="StandardMaterial3D_kte83"]
transparency = 1
blend_mode = 4
cull_mode = 2
shading_mode = 0
specular_mode = 2
disable_ambient_light = true
disable_fog = true
albedo_texture = ExtResource("13_58tgt")

[sub_resource type="QuadMesh" id="QuadMesh_5x773"]
material = SubResource("StandardMaterial3D_kte83")
size = Vector2(150, 150)

[node name="Playground" instance=ExtResource("1_fiv0q")]
script = ExtResource("2_rvw1y")
metadata/_edit_horizontal_guides_ = [6.0]

[node name="Sky" parent="." index="0"]
environment = SubResource("Environment_fiv0q")

[node name="Sun" type="DirectionalLight3D" parent="Sky" index="0"]
transform = Transform3D(0.71031123, -0.43367815, 0.55441964, 0.037246574, 0.80970776, 0.5856502, -0.7029016, -0.3953436, 0.5912974, 0, 4, 0)
shadow_enabled = true
directional_shadow_mode = 1
directional_shadow_blend_splits = true
directional_shadow_max_distance = 150.0
directional_shadow_pancake_size = 0.0

[node name="Landscape" parent="." index="2" instance=ExtResource("3_aut2g")]

[node name="Floor" parent="." index="3"]
visible = false
collision_layer = 0
collision_mask = 0

[node name="Player" parent="." index="4"]
transform = Transform3D(-0.76141405, 0, -0.6482661, 0, 1, 0, 0.6482661, 0, -0.76141405, 2.1556785, 0.64434695, 1.6671798)

[node name="Bounds" parent="." index="5"]
size = 13.65

[node name="Ambience" parent="Sound" index="0"]
stream = ExtResource("6_42lni")

[node name="Natural" type="Node3D" parent="." index="7"]

[node name="Bamboo8" parent="Natural" index="0" instance=ExtResource("2_m67mg")]
transform = Transform3D(1.345, 0, 0, 0, 1.345, 0, 0, 0, 1.345, -18.798813, 2.0458958, 6.3862658)

[node name="Bamboo9" parent="Natural" index="1" instance=ExtResource("2_m67mg")]
transform = Transform3D(-1.0876033, 0, -0.79129267, 0, 1.345, 0, 0.79129267, 0, -1.0876033, -18.666782, 2.011423, 7.8306427)

[node name="Bamboo2" parent="Natural" index="2" instance=ExtResource("2_m67mg")]
transform = Transform3D(1.293561, 0, -0.89851266, 0, 1.575, 0, 0.89851266, 0, 1.293561, 1.4603248, -0.20155185, -1.9089997)

[node name="Bamboo10" parent="Natural" index="3" instance=ExtResource("2_m67mg")]
transform = Transform3D(1.048036, 0.21999182, -1.396719, -0.53514004, 1.6709523, -0.13836013, 1.3087572, 0.507072, 1.0619004, 0.9379494, -1.6619234, 12.727282)

[node name="Grass" parent="Natural" index="4" instance=ExtResource("5_u67vg")]
transform = Transform3D(1, 0, 0, 0, 0.99573433, -0.09226631, 0, 0.09226631, 0.99573433, -4.5256996, -0.2166239, -0.3979689)
multimesh = SubResource("MultiMesh_judrx")
foliage_mesh = ExtResource("6_rgmr2")
count = 6
size = 5.0
scatter = 0.4
min_scale = 1.5
max_scale = 2.0
z_scale = 2.0
colour_1 = Color(0, 0.15, 0.01750002, 1)
colour_2 = Color(0.48666665, 0.73, 0, 1)

[node name="Grass2" parent="Natural" index="5" instance=ExtResource("5_u67vg")]
transform = Transform3D(0.96660364, 0.0051871743, 0.25622347, 0.026604686, 0.9923619, -0.12045631, -0.25489125, 0.12325022, 0.95908266, 3.3682184, -0.45962763, -1.851408)
multimesh = SubResource("MultiMesh_8gts6")
foliage_mesh = ExtResource("6_rgmr2")
count = 6
size = 6.0
scatter = 0.4
min_scale = 1.5
max_scale = 2.0
z_scale = 2.5
colour_1 = Color(0, 0.15, 0.01750002, 1)
colour_2 = Color(0.48666665, 0.73, 0, 1)

[node name="Tree2" parent="Natural" index="6" instance=ExtResource("12_fq4iu")]
transform = Transform3D(-1.2417358, 0, -0.36758316, 0, 1.2949997, 0, 0.36758316, 0, -1.2417358, -11.4731655, -0.09296268, 2.3586357)

[node name="Tree6" parent="Natural" index="7" instance=ExtResource("12_fq4iu")]
transform = Transform3D(-0.86934, -0.23173596, 0.93143535, -0.3335549, 1.2513057, 7.450581e-09, -0.9000077, -0.23991093, -0.89969635, -8.591396, -2.223877, 12.33293)

[node name="Tree3" parent="Natural" index="8" instance=ExtResource("12_fq4iu")]
transform = Transform3D(-0.91847694, 0, 1.3101146, 0, 1.6, 0, -1.3101146, 0, -0.91847694, -17.476847, 2.2105615, 16.879269)

[node name="Tree4" parent="Natural" index="9" instance=ExtResource("12_fq4iu")]
transform = Transform3D(0.74412787, -0.25821507, 0.79624027, 0.32364336, 1.0712768, 0.04494607, -0.77196395, 0.20022517, 0.78637224, 7.810972, -0.04402381, -4.2168484)

[node name="Tree5" parent="Natural" index="10" instance=ExtResource("12_fq4iu")]
transform = Transform3D(1.0879459, 0.17439398, 0.2008988, -0.16748917, 1.1061281, -0.053175718, -0.20669037, 0.02161067, 1.1005507, 14.944819, 0.80393016, -0.1434691)

[node name="FogVolume" parent="Natural" index="11" instance=ExtResource("11_r4xcf")]
transform = Transform3D(0.9454163, 0, 0.32586518, 0, 1, 0, -0.32586518, 0, 0.9454163, 2.857266, 1.0739539, -1.4177585)

[node name="FogVolume2" parent="Natural" index="12" instance=ExtResource("11_r4xcf")]
transform = Transform3D(0.98705524, 0, -0.16038081, 0, 1, 0, 0.16038081, 0, 0.98705524, 8.921758, 1.3126891, -3.1059918)

[node name="FogVolume3" parent="Natural" index="13" instance=ExtResource("11_r4xcf")]
transform = Transform3D(0.4395002, 0, 0.8982425, 0, 1, 0, -0.8982425, 0, 0.4395002, -16.874113, 3.332859, 0.6187277)
size = Vector3(10, 4.313965, 5)

[node name="Daisies" parent="Natural" index="14" instance=ExtResource("7_rgmr2")]
transform = Transform3D(1, 0, 0, 0, 1, 0, 0, 0, 1, 3.3309698, -0.08248001, -0.75820565)

[node name="Daisies4" parent="Natural" index="15" instance=ExtResource("7_rgmr2")]
transform = Transform3D(-0.94502735, 0.03928469, 0.32462272, 0.1313967, 0.9547019, 0.26698163, -0.29942966, 0.2949593, -0.9073813, 4.540712, -0.04089892, -0.47417045)

[node name="Daisies2" parent="Natural" index="16" instance=ExtResource("7_rgmr2")]
transform = Transform3D(0.06464599, 0.07746363, 0.9948971, 0.33755603, 0.9365144, -0.09485145, -0.939083, 0.34196532, 0.034393575, -1.8929589, 0.43638128, -0.95514005)

[node name="Daisies5" parent="Natural" index="17" instance=ExtResource("7_rgmr2")]
transform = Transform3D(1, 0, 0, 0, 0.9189496, -0.39437503, 0, 0.39437503, 0.9189496, -2.0617511, -1.4219651, 5.5990376)

[node name="Daisies6" parent="Natural" index="18" instance=ExtResource("7_rgmr2")]
transform = Transform3D(-0.53548336, -0.1274027, -0.8348809, -0.42880017, 0.89267194, 0.13880609, 0.7275905, 0.43232542, -0.5326413, -3.5537817, -1.243164, 4.87862)

[node name="Daisies7" parent="Natural" index="19" instance=ExtResource("7_rgmr2")]
transform = Transform3D(1, 0, 0, 0, 1, 0, 0, 0, 1, -5.495945, -1.6629683, 5.8459907)

[node name="RockDecal" type="Decal" parent="Natural" index="20"]
transform = Transform3D(1, 0, 0, 0, 1, 0, 0, 0, 0.99999994, -10.582555, 0.35652763, 5.836824)
size = Vector3(5, 3, 5)
texture_albedo = ExtResource("12_judrx")
albedo_mix = 0.9
distance_fade_enabled = true
distance_fade_begin = 20.0
distance_fade_length = 2.0
cull_mask = 1047556

[node name="RockDecal6" type="Decal" parent="Natural" index="21"]
transform = Transform3D(0.39057052, -0.6475035, -0.65436536, -3.7252903e-08, 0.7108239, -0.7033697, 0.920573, 0.27471542, 0.27762675, 15.063191, 2.627101, -4.836332)
size = Vector3(7, 5, 7)
texture_albedo = ExtResource("12_judrx")
albedo_mix = 0.9
distance_fade_enabled = true
distance_fade_begin = 20.0
distance_fade_length = 2.0
cull_mask = 1047556

[node name="RockDecal3" type="Decal" parent="Natural" index="22"]
transform = Transform3D(0.99789226, -0.04118342, 0.05014916, 0.06392696, 0.49107724, -0.868767, 0.011151696, 0.870142, 0.4926753, -1.6265597, 2.3887727, -4.421972)
size = Vector3(6, 2, 6)
texture_albedo = ExtResource("12_judrx")
albedo_mix = 0.9
distance_fade_enabled = true
distance_fade_begin = 20.0
distance_fade_length = 2.0
cull_mask = 1047556

[node name="RockDecal5" type="Decal" parent="Natural" index="23"]
transform = Transform3D(0.98155063, 0.16472748, 0.097074516, 1.391283e-08, 0.50770384, -0.8615318, -0.19120304, 0.845637, 0.49833697, -11.40021, 3.3122106, -2.126107)
size = Vector3(7.4067383, 2.7890625, 8.373535)
texture_albedo = ExtResource("12_judrx")
albedo_mix = 0.75
distance_fade_enabled = true
distance_fade_begin = 20.0
distance_fade_length = 2.0
cull_mask = 1047556

[node name="RockDecal2" type="Decal" parent="Natural" index="24"]
transform = Transform3D(1, 0, 0, 0, 0.95343316, 0.3016045, 0, -0.3016045, 0.95343316, -2.3867238, -0.9443433, 11.993877)
size = Vector3(5, 3, 5)
texture_albedo = ExtResource("12_judrx")
distance_fade_enabled = true
distance_fade_begin = 20.0
distance_fade_length = 2.0
cull_mask = 1047556

[node name="MoonPivot" type="Marker3D" parent="." index="8"]
transform = Transform3D(0.7071067, -0.15906441, 0.6889837, 0, 0.97437006, 0.22495104, -0.7071067, -0.15906441, 0.6889837, 0, 0, 0)

[node name="Moon" type="MeshInstance3D" parent="MoonPivot" index="0"]
transform = Transform3D(1, 0, 0, 0, 1, 0, 0, 0, 1, 0, 0, 160)
cast_shadow = 0
mesh = SubResource("QuadMesh_5x773")

[node name="Billboards" type="Node3D" parent="." index="9"]

[node name="TreeB_B" parent="Billboards" index="0" instance=ExtResource("16_iqvk5")]
transform = Transform3D(-1.327805, 0, -2.6901548, 0, 3, 0, 2.6901548, 0, -1.327805, -24.76035, 11.24815, 4.747126)

[node name="TreeB_C2" parent="Billboards" index="1" instance=ExtResource("17_8gts6")]
transform = Transform3D(-0.9053628, 0, 2.8601255, 0, 3, 0, -2.8601255, 0, -0.9053628, -27.581322, 5.448487, 16.522753)

[node name="TreeB_C3" parent="Billboards" index="2" instance=ExtResource("17_8gts6")]
transform = Transform3D(2.0429187, -0.9915034, 1.9604602, 1.3098872, 2.698925, 0, -1.7637116, 0.8559939, 2.270814, -15.626822, 11.149727, -12.865395)

[node name="BambooB_A" parent="Billboards" index="3" instance=ExtResource("17_judrx")]
transform = Transform3D(0.0073653613, 0, -1.9999864, 0, 2, 0, 1.9999864, 0, 0.0073653613, -23.205238, 5.672289, 11.321641)

[node name="BambooB_A2" parent="Billboards" index="4" instance=ExtResource("17_judrx")]
transform = Transform3D(-1.1724634, 0, 2.1170096, 0, 2.42, 0, -2.1170096, 0, -1.1724634, -24.300455, 6.888706, 14.807833)

[node name="TreeB_B2" parent="Billboards" index="5" instance=ExtResource("16_iqvk5")]
transform = Transform3D(1.4210556, 0, 2.2189696, 0, 2.635, 0, -2.2189696, 0, 1.4210556, -20.669695, 4.854571, -2.345151)

[node name="TreeB_B3" parent="Billboards" index="6" instance=ExtResource("16_iqvk5")]
transform = Transform3D(2.6260412, 0, -0.21709979, 0, 2.635, 0, 0.21709979, 0, 2.6260412, 8.670503, 5.660459, -12.941602)

[node name="TreeB_B4" parent="Billboards" index="7" instance=ExtResource("16_iqvk5")]
transform = Transform3D(1.8696018, 0, -0.71034443, 0, 2, 0, 0.71034443, 0, 1.8696018, -8.359807, 2.5360322, 25.782415)

[node name="Doodad" parent="." index="10" instance=ExtResource("18_judrx")]
transform = Transform3D(0.8584859, 0, 0.5128372, 0, 1, 0, -0.5128372, 0, 0.8584859, -6.0476594, -0.3972426, 0.71359944)
visible = false

[node name="Doodad2" parent="." index="11" instance=ExtResource("18_judrx")]
transform = Transform3D(0.032597005, 0, 0.9994685, 0, 1, 0, -0.9994685, 0, 0.032597005, -4.958689, -1.9280795, 7.82456)
visible = false
owned_by_player = false
