[gd_scene load_steps=13 format=3 uid="uid://ca4uchglbi37g"]

[ext_resource type="PackedScene" uid="uid://cave0dvi8i7rh" path="res://lib/shard/shard.tscn" id="1_fiv0q"]
[ext_resource type="PackedScene" uid="uid://pconmu7n0aev" path="res://shards/playground/props/bamboo/meshes/bamboo.glb" id="2_m67mg"]
[ext_resource type="PackedScene" uid="uid://dwa8m5haxd2tk" path="res://shards/playground/props/plateau/meshes/plateau.glb" id="3_wlsna"]
[ext_resource type="Texture2D" uid="uid://behcmksu83doj" path="res://shards/playground/props/plateau/materials/textures/outcrop_decal.png" id="4_neblt"]
[ext_resource type="PackedScene" uid="uid://bfkv2xes22daw" path="res://shards/playground/props/plateau/meshes/plateau_tall.glb" id="4_v3r7f"]
[ext_resource type="PackedScene" uid="uid://dn4mx27dqt7yo" path="res://lib/shard/foliage_spawner/foliage_spawner.tscn" id="5_aut2g"]
[ext_resource type="AudioStream" uid="uid://cih0evhjc054h" path="res://shards/playground/sounds/ambience.ogg" id="6_42lni"]
[ext_resource type="ArrayMesh" uid="uid://7dxgm1hl7c0r" path="res://shards/playground/props/grass/meshes/grass.res" id="7_rvw1y"]

[sub_resource type="Environment" id="Environment_fiv0q"]
background_mode = 1
background_color = Color(0, 0, 0.08, 1)
ambient_light_source = 2
ambient_light_color = Color(0.5, 0.5, 0.5, 1)
ambient_light_energy = 0.5
tonemap_mode = 2
tonemap_exposure = 1.25
glow_enabled = true
glow_normalized = true
fog_enabled = true
fog_mode = 1
fog_light_color = Color(0.4292, 0.4669, 0.58, 1)
fog_density = 1.0
fog_depth_begin = 8.0
fog_depth_end = 15.0
adjustment_enabled = true
adjustment_saturation = 1.12

[sub_resource type="BoxShape3D" id="BoxShape3D_m67mg"]
size = Vector3(4, 2, 2)

[sub_resource type="BoxMesh" id="BoxMesh_fiv0q"]
size = Vector3(4, 2, 2)

[sub_resource type="MultiMesh" id="MultiMesh_aut2g"]
transform_format = 1
use_colors = true
instance_count = 49
visible_instance_count = 49
mesh = ExtResource("7_rvw1y")
buffer = PackedFloat32Array(-0.5843002, 0, -1.4354298, 1.3359774, 0, 0.99629694, 0, 0, 1.4354298, 0, -0.5843002, 1.279647, 0.30680674, 0.41159046, 0, 1, -1.0013918, 0, -1.3672048, -0.13597389, 0, 1.4526067, 0, 0, 1.3672048, 0, -1.0013918, -0.42338344, 0.3668306, 0.46894303, 0, 1, 1.1406007, 0, 1.1703589, 0.7729904, 0, 1.1673076, 0, 0, -1.1703589, 0, 1.1406007, -1.0664921, 0.31606552, 0.42043716, 0, 1, 1.2429715, 0, -1.0633061, -0.12313863, 0, 1.1683755, 0, 0, 1.0633061, 0, 1.2429715, -1.3268478, 0.56418836, 0.6575177, 0, 1, -1.4892188, 0, 0.41526458, -0.8336894, 0, 0.88344735, 0, 0, -0.41526458, 0, -1.4892188, -1.2693334, 0.57787377, 0.67059404, 0, 1, -0.78067094, 0, -1.405684, -0.5694403, 0, 1.2633628, 0, 0, 1.405684, 0, -0.78067094, 0.82614994, 0.29779944, 0.40298396, 0, 1, -0.67382616, 0, 1.4046543, -0.5691184, 0, 1.1127956, 0, 0, -1.4046543, 0, -0.67382616, -0.82769495, 0.23056498, 0.3387417, 0, 1, 1.2662, 0, 1.1968137, -0.5560591, 0, 1.4934039, 0, 0, -1.1968137, 0, 1.2662, -0.03759764, 0.56880313, 0.6619271, 0, 1, 1.5121475, 0, -0.39227566, -0.939947, 0, 1.1158575, 0, 0, 0.39227566, 0, 1.5121475, -0.3677043, 0.1805987, 0.29099905, 0, 1, 1.6599575, 0, 0.47652283, 0.5033938, 0, 1.2335724, 0, 0, -0.47652283, 0, 1.6599575, -1.4432595, 0.5848895, 0.67729753, 0, 1, -1.5523347, 0, -0.23539905, 0.42486757, 0, 1.2336353, 0, 0, 0.23539905, 0, -1.5523347, 1.2728069, 0.14505965, 0.2570416, 0, 1, -0.19769369, 0, 1.6272919, 0.08840561, 0, 1.405077, 0, 0, -1.6272919, 0, -0.19769369, 0.77482027, 0.2966567, 0.4018921, 0, 1, -0.21239637, 0, 1.6919515, -0.10190946, 0, 1.3398242, 0, 0, -1.6919515, 0, -0.21239637, -1.0425003, 0.34117785, 0.4444319, 0, 1, 1.5065067, 0, 0.82433885, 0.34594193, 0, 1.349302, 0, 0, -0.82433885, 0, 1.5065067, -0.7599908, 0.44491407, 0.54355156, 0, 1, 1.0595027, 0, -1.1042938, 0.7600134, 0, 0.9838048, 0, 0, 1.1042938, 0, 1.0595027, -1.2481755, 0.45760977, 0.55568224, 0, 1, -0.4308192, 0, 1.6732908, 0.30756938, 0, 1.6044433, 0, 0, -1.6732908, 0, -0.4308192, 0.26090726, 0.32333806, 0.42738605, 0, 1, 1.169067, 0, -1.3495158, 0.80346847, 0, 1.5304047, 0, 0, 1.3495158, 0, 1.169067, -0.201168, 0.28942505, 0.39498228, 0, 1, -1.1450069, 0, 1.1733074, -0.48964447, 0, 1.1710129, 0, 0, -1.1733074, 0, -1.1450069, 1.2279112, 0.23808867, 0.34593055, 0, 1, 1.3113719, 0, -1.1410413, -1.0119389, 0, 1.1174757, 0, 0, 1.1410413, 0, 1.3113719, -0.922251, 0.5279302, 0.6228732, 0, 1, -1.7078505, 0, 0.39612925, 1.1650252, 0, 1.2522779, 0, 0, -0.39612925, 0, -1.7078505, -0.34471837, 0.57313716, 0.66606826, 0, 1, -0.0804134, 0, 1.501071, -0.80826104, 0, 1.181104, 0, 0, -1.501071, 0, -0.0804134, 0.2548118, 0.23567873, 0.34362787, 0, 1, -1.4196938, 0, -0.60190135, -1.2958416, 0, 1.1014407, 0, 0, 0.60190135, 0, -1.4196938, -0.08644584, 0.27345353, 0.37972158, 0, 1, 0.00074580236, 0, -1.5862283, -0.9654253, 0, 1.1330204, 0, 0, 1.5862283, 0, 0.00074580236, 0.6644402, 0.5082882, 0.6041053, 0, 1, 1.2638897, 0, 0.9629127, 1.1120471, 0, 1.0214387, 0, 0, -0.9629127, 0, 1.2638897, -0.9641042, 0.33565676, 0.43915653, 0, 1, 0.37470514, 0, -1.7071416, 0.39972186, 0, 1.4980975, 0, 0, 1.7071416, 0, 0.37470514, -0.3233001, 0.13135667, 0.24394846, 0, 1, 1.6296556, 0, -0.3019548, -0.9955468, 0, 1.302238, 0, 0, 0.3019548, 0, 1.6296556, -0.10039301, 0.15416718, 0.26574382, 0, 1, 0.311739, 0, -1.7360134, -1.4051363, 0, 1.007875, 0, 0, 1.7360134, 0, 0.311739, 1.1566103, 0.25269696, 0.3598887, 0, 1, -0.67485934, 0, -1.4204535, -0.028804705, 0, 1.2356274, 0, 0, 1.4204535, 0, -0.67485934, 1.3552153, 0.41728032, 0.51714754, 0, 1, -1.2326992, 0, 0.9085516, 0.08246556, 0, 1.4219619, 0, 0, -0.9085516, 0, -1.2326992, 0.3643698, 0.59850645, 0.6903086, 0, 1, -1.3834951, 0, 1.1273998, 1.2664317, 0, 1.4022498, 0, 0, -1.1273998, 0, -1.3834951, 0.5134207, 0.45683265, 0.5549397, 0, 1, -0.84894735, 0, -1.472075, -1.0229082, 0, 1.0924252, 0, 0, 1.472075, 0, -0.84894735, 1.1011851, 0.22004679, 0.32869157, 0, 1, 1.6052648, 0, 0.14939359, 1.2675232, 0, 0.92125803, 0, 0, -0.14939359, 0, 1.6052648, -1.2878331, 0.505429, 0.6013734, 0, 1, -0.90666705, 0, -1.4513242, 0.6476884, 0, 1.4667883, 0, 0, 1.4513242, 0, -0.90666705, 0.22295447, 0.36506066, 0.46725184, 0, 1, -0.9652222, 0, -1.5042566, 1.2730912, 0, 1.4043072, 0, 0, 1.5042566, 0, -0.9652222, -0.11860896, 0.49761313, 0.59390527, 0, 1, 0.46408975, 0, 1.4830916, 0.40898055, 0, 1.4430071, 0, 0, -1.4830916, 0, 0.46408975, 0.08746329, 0.3019714, 0.40697026, 0, 1, 1.4892427, 0, -0.24857187, -1.238353, 0, 1.0784607, 0, 0, 0.24857187, 0, 1.4892427, 0.49195427, 0.31071874, 0.41532835, 0, 1, 0.7121445, 0, -1.4247144, 0.26057684, 0, 1.3652434, 0, 0, 1.4247144, 0, 0.7121445, 0.8093749, 0.49706763, 0.5933841, 0, 1, -0.13020368, 0, -1.6387484, -1.2392956, 0, 1.0568011, 0, 0, 1.6387484, 0, -0.13020368, -0.36520687, 0.52280444, 0.6179755, 0, 1, 1.5289809, 0, -0.052242957, -0.63344365, 0, 0.9834899, 0, 0, 0.052242957, 0, 1.5289809, -1.4365122, 0.6278122, 0.71831006, 0, 1, 0.5770413, 0, 1.6176586, -1.17016, 0, 0.98142695, 0, 0, -1.6176586, 0, 0.5770413, -0.8220329, 0.47963423, 0.5767265, 0, 1, -1.6327587, 0, -0.18483962, -0.5015112, 0, 1.4084469, 0, 0, 0.18483962, 0, -1.6327587, 0.3877597, 0.25692448, 0.3639281, 0, 1, 0.8748605, 0, 1.4136351, 0.6916918, 0, 1.306212, 0, 0, -1.4136351, 0, 0.8748605, 0.6859142, 0.56432986, 0.6576529, 0, 1, -1.444611, 0, -0.47931215, -1.4478043, 0, 0.9784617, 0, 0, 0.47931215, 0, -1.444611, 0.7925559, 0.51793194, 0.6133198, 0, 1, -1.0934637, 0, 1.2289405, 0.7155989, 0, 1.2924838, 0, 0, -1.2289405, 0, -1.0934637, -0.35909098, 0.60992897, 0.7012227, 0, 1, -1.2285799, 0, -1.1010615, 1.3592715, 0, 1.178408, 0, 0, 1.1010615, 0, -1.2285799, 0.84889436, 0.52402735, 0.619144, 0, 1, 0.34081486, 0, 1.7300872, 0.6874313, 0, 1.2595263, 0, 0, -1.7300872, 0, 0.34081486, 1.416474, 0.1108754, 0.22437868, 0, 1, -1.7180609, 0, -0.25225914, -0.2116537, 0, 1.612447, 0, 0, 0.25225914, 0, -1.7180609, -0.13353103, 0.10773623, 0.22137922, 0, 1, -0.31501865, 0, 1.5469542, -0.38936153, 0, 1.2404096, 0, 0, -1.5469542, 0, -0.31501865, -0.40598267, 0.5314124, 0.62620044, 0, 1, 1.5229477, 0, 0.1901143, -1.2273419, 0, 0.76738405, 0, 0, -0.1901143, 0, 1.5229477, -1.4686289, 0.5415655, 0.6359016, 0, 1)

[node name="Playground" unique_id=1657342060 instance=ExtResource("1_fiv0q")]

[node name="Sky" parent="." index="0" unique_id=1307914270]
environment = SubResource("Environment_fiv0q")

[node name="Sun" type="DirectionalLight3D" parent="Sky" index="0" unique_id=418144333]
transform = Transform3D(-0.3105935, 0.67213523, -0.67213523, 0, 0.70710677, 0.70710677, 0.9505428, 0.21962275, -0.21962275, 0, 3, 0)
shadow_enabled = true

[node name="Player" parent="." index="3" unique_id=457307059]
transform = Transform3D(1, 0, 0, 0, 1, 0, 0, 0, 1, 0, 1.4267342, 0)

[node name="Bamboo" parent="." index="4" unique_id=1102449457 instance=ExtResource("2_m67mg")]
transform = Transform3D(1.075, 0, 0, 0, 1.0748203, 0.01966178, 0, -0.01966178, 1.0748203, -2.88274, 0, -1.0909146)

[node name="Bamboo2" parent="." index="5" unique_id=960094183 instance=ExtResource("2_m67mg")]
transform = Transform3D(0.6983094, -0.0753268, 0.7118215, 0.052751284, 0.9971589, 0.053772006, -0.7138496, 0, 0.700299, 0.94134235, 1.2196087, -1.9836988)

[node name="Bamboo5" parent="." index="6" unique_id=798868076 instance=ExtResource("2_m67mg")]
transform = Transform3D(0.9982922, -0.051304463, -0.027942123, 0.03937137, 0.94419897, -0.32701436, 0.0431602, 0.32535565, 0.9446062, -0.9490963, 2.2322054, -3.8035898)

[node name="Bamboo3" parent="." index="7" unique_id=1723893335 instance=ExtResource("2_m67mg")]
transform = Transform3D(-0.99501663, 0.047922865, 0.08743742, 0.052751277, 0.9971588, 0.053772, -0.08461213, 0.058116477, -0.9947177, 2.4802847, 1.759866, -2.8169491)

[node name="Bamboo4" parent="." index="8" unique_id=689692806 instance=ExtResource("2_m67mg")]
transform = Transform3D(-0.5015737, -0.22406344, 0.8355952, 0.052751258, 0.956159, 0.28805697, -0.8635051, 0.18856047, -0.4677647, 4.41336, 0.45474583, -1.7171338)

[node name="MovementTest" type="StaticBody3D" parent="." index="9" unique_id=1748435043]
transform = Transform3D(0.9659258, 0.25881904, 0, -0.25881904, 0.9659258, 0, 0, 0, 1, -2, -0.49425927, 0)

[node name="Collision" type="CollisionShape3D" parent="MovementTest" index="0" unique_id=1862432643]
shape = SubResource("BoxShape3D_m67mg")

[node name="Mesh" type="MeshInstance3D" parent="MovementTest" index="1" unique_id=1041887157]
mesh = SubResource("BoxMesh_fiv0q")

[node name="Blocking" type="Node3D" parent="." index="10" unique_id=572562654]

[node name="Plateau" parent="Blocking" index="0" unique_id=144812763 instance=ExtResource("3_wlsna")]
transform = Transform3D(1, 0, 0, 0, 1.125, 0, 0, 0, 1, 0.35895622, -0.15626937, -5.1213856)

[node name="Plateau2" parent="Blocking" index="1" unique_id=1398059579 instance=ExtResource("3_wlsna")]
transform = Transform3D(0.9262197, 0, -0.37698415, 0, 1, 0, 0.37698415, 0, 0.9262197, 1.6193643, -0.7980664, -3.707004)

[node name="Plateau3" parent="Blocking" index="2" unique_id=495466890 instance=ExtResource("3_wlsna")]
transform = Transform3D(0.60801345, -0.11178295, -0.78601795, 0, 0.9900384, -0.14079757, 0.7939267, 0.08560681, 0.6019566, 3.8926024, -1.7465501, -1.4010363)

[node name="Outcrop" type="Decal" parent="Blocking" index="3" unique_id=1180417637]
transform = Transform3D(0.86298144, 0, 0.5052357, 0, 1, 0, -0.5052357, 0, 0.86298144, 3.529684, 0.28497976, -0.3918854)
layers = 2
size = Vector3(2.2, 1, 2.2)
texture_albedo = ExtResource("4_neblt")
modulate = Color(0.74558026, 0.7455802, 0.7455802, 1)
upper_fade = 0.1
lower_fade = 0.1

[node name="FoliageSpawner" parent="Blocking" index="4" unique_id=706612831 instance=ExtResource("5_aut2g")]
transform = Transform3D(1, 0, 0, 0, 1, 0, 0, 0, 1, 1.543534, 0, -0.07868242)
layers = 2
cast_shadow = 0
multimesh = SubResource("MultiMesh_aut2g")
foliage_mesh = ExtResource("7_rvw1y")
count = 7
size = 3.0
min_scale = 1.5
max_scale = 1.8

[node name="PlateauTall" parent="." index="11" unique_id=1866113899 instance=ExtResource("4_v3r7f")]
transform = Transform3D(0.92874485, 0, -0.37071952, 0, 1, 0, 0.37071952, 0, 0.92874485, 4.847338, -0.31965584, -6.739903)

[node name="PlateauTall2" parent="." index="12" unique_id=756075683 instance=ExtResource("4_v3r7f")]
transform = Transform3D(-0.6655561, 0, 0.7463478, 0, 1, 0, -0.7463478, 0, -0.6655561, 6.987584, -0.31965536, -2.6341462)

[node name="Ambience" parent="." index="13" unique_id=1911344205]
stream = ExtResource("6_42lni")
autoplay = true
