[gd_scene load_steps=24 format=3 uid="uid://ca4uchglbi37g"]

[ext_resource type="PackedScene" uid="uid://cave0dvi8i7rh" path="res://lib/shard/shard.tscn" id="1_fiv0q"]
[ext_resource type="PackedScene" uid="uid://pconmu7n0aev" path="res://shards/playground/props/bamboo/meshes/bamboo.glb" id="2_m67mg"]
[ext_resource type="Script" uid="uid://bnchiul4t411m" path="res://shards/playground/playground.gd" id="2_rvw1y"]
[ext_resource type="Material" uid="uid://dqqw1cju3b7h6" path="res://shards/playground/materials/mat_night_sky.tres" id="2_tahua"]
[ext_resource type="PackedScene" uid="uid://dfqc760v1ljpr" path="res://shards/playground/meshes/landscape.glb" id="3_aut2g"]
[ext_resource type="PackedScene" uid="uid://dn4mx27dqt7yo" path="res://lib/shard/foliage_spawner/foliage_spawner.tscn" id="5_u67vg"]
[ext_resource type="AudioStream" uid="uid://cih0evhjc054h" path="res://shards/playground/sounds/ambience.ogg" id="6_42lni"]
[ext_resource type="ArrayMesh" uid="uid://7dxgm1hl7c0r" path="res://shards/playground/props/grass/meshes/grass.res" id="6_rgmr2"]
[ext_resource type="PackedScene" uid="uid://bpy6tnc050xy6" path="res://shards/playground/props/daisies/meshes/daisies.glb" id="7_rgmr2"]
[ext_resource type="PackedScene" uid="uid://ryyhp7qf3geq" path="res://shards/playground/props/fog_volume/fog_volume.tscn" id="11_r4xcf"]
[ext_resource type="PackedScene" uid="uid://c87qysmwmmkk4" path="res://shards/playground/props/tree/meshes/tree.glb" id="12_fq4iu"]
[ext_resource type="Texture2D" uid="uid://210v4in36vha" path="res://shards/playground/materials/textures/rock_decal.png" id="12_judrx"]
[ext_resource type="Texture2D" uid="uid://cplitpdhow6ar" path="res://shards/playground/materials/textures/moon_diff.png" id="13_58tgt"]
[ext_resource type="PackedScene" uid="uid://cdm24pjj0huol" path="res://shards/playground/props/tree/billboard/meshes/tree_b_b.tscn" id="16_iqvk5"]
[ext_resource type="PackedScene" uid="uid://cm1i00vv1oloh" path="res://shards/playground/props/tree/billboard/meshes/tree_b_c.tscn" id="17_8gts6"]
[ext_resource type="PackedScene" uid="uid://bwis8vf1ikmc5" path="res://shards/playground/props/bamboo/billboard/meshes/bamboo_b_a.tscn" id="17_judrx"]
[ext_resource type="PackedScene" uid="uid://b3eweb51qkttk" path="res://things/doodad/doodad.tscn" id="18_judrx"]

[sub_resource type="Sky" id="Sky_rfd7c"]
sky_material = ExtResource("2_tahua")

[sub_resource type="Environment" id="Environment_fiv0q"]
background_mode = 2
sky = SubResource("Sky_rfd7c")
ambient_light_source = 2
ambient_light_color = Color(0.20041844, 0.27167064, 0.34174857, 1)
tonemap_mode = 2
tonemap_exposure = 1.55
glow_normalized = true
glow_bloom = 0.25
fog_enabled = true
fog_mode = 1
fog_light_color = Color(0.0095, 0.011524987, 0.05, 1)
fog_density = 1.0
fog_sky_affect = 0.0
fog_depth_begin = 7.0
fog_depth_end = 32.0
volumetric_fog_enabled = true
volumetric_fog_density = 0.0
adjustment_enabled = true
adjustment_saturation = 1.12

[sub_resource type="MultiMesh" id="MultiMesh_judrx"]
transform_format = 1
use_colors = true
instance_count = 25
visible_instance_count = 25
mesh = ExtResource("6_rgmr2")
buffer = PackedFloat32Array(1.2835085, 0, -0.62180066, 0.091994464, 0, 1.2835748, 0, -0.0007050887, 0.62180066, 0, 1.2835085, 0.5116189, 0.28976634, 0.39530838, 0, 1, 1.0419629, 0, -0.46539533, 1.2490298, 0, 0.79882216, 0, -0.10058488, 0.46539533, 0, 1.0419629, 1.4627671, 0.42422417, 0.5237824, 0, 1, 1.1638198, 0, -0.76846665, -1.1798236, 0, 0.97624713, 0, -0.20007193, 0.76846665, 0, 1.1638198, 1.7224612, 0.29542288, 0.4007132, 0, 1, -0.6146107, 0, -0.86846447, -1.8778238, 0, 0.74476075, 0, -0.038567074, 0.86846447, 0, -0.6146107, 0.8882158, 0.42623922, 0.5257078, 0, 1, -0.26395515, 0, -1.2575289, 1.4895741, 0, 1.0279459, 0, -0.013104012, 1.2575289, 0, -0.26395515, -0.29651177, 0.3368793, 0.44032466, 0, 1, -0.47986403, 0, -0.8871894, 0.5963229, 0, 0.9077848, 0, -0.0014457708, 0.8871894, 0, -0.47986403, 0.7582185, 0.57835716, 0.6710559, 0, 1, -0.9859195, 0, -0.6833106, -1.041725, 0, 0.71973765, 0, 0.08521186, 0.6833106, 0, -0.9859195, -1.7424121, 0.53247726, 0.6272178, 0, 1, 1.0483093, 0, -0.22522114, 1.2043778, 0, 0.7505609, 0, -0.004505902, 0.22522114, 0, 1.0483093, -0.6942719, 0.506738, 0.60262406, 0, 1, 0.6376491, 0, 0.8518283, -0.11683717, 0, 0.85124207, 0, -0.11934141, -0.8518283, 0, 0.6376491, 1.6971195, 0.29802677, 0.4032012, 0, 1, 1.0640134, 0, 1.0559332, 0.030836016, 0, 1.3491355, 0, -6.4331794e-06, -1.0559332, 0, 1.0640134, 0.11906159, 0.20601416, 0.31528345, 0, 1, 1.2977568, 0, -0.19553792, -0.8575953, 0, 1.0499243, 0, -5.006429e-06, 0.19553792, 0, 1.2977568, -0.33107653, 0.3568962, 0.45945072, 0, 1, 0.0439002, 0, -1.0058596, -1.6192906, 0, 0.70477194, 0, -2.6884916e-06, 1.0058596, 0, 0.0439002, -0.30632308, 0.5139369, 0.6095026, 0, 1, 1.2005975, 0, 0.2981588, -1.9590446, 0, 0.61853313, 0, 0.07027289, -0.2981588, 0, 1.2005975, -1.6918939, 0.50144565, 0.59756726, 0, 1, -0.6876708, 0, -1.1045234, -1.6496375, 0, 0.78066045, 0, -0.20907229, 1.1045234, 0, -0.6876708, 1.7160865, 0.5622971, 0.65571064, 0, 1, -0.0561572, 0, -1.2847992, 0.6176096, 0, 1.0288208, 0, -3.9246397e-06, 1.2847992, 0, -0.0561572, -1.1301703, 0.11905533, 0.23219459, 0, 1, 0.3533751, 0, -1.101689, 0.7575947, 0, 0.80988294, 0, 0.0012875317, 1.101689, 0, 0.3533751, -1.7651143, 0.3985039, 0.49920678, 0, 1, -0.109629914, 0, -1.4938926, 0.2286219, 0, 1.0485368, 0, 0.010593603, 1.4938926, 0, -0.109629914, -1.7032351, 0.5902593, 0.68242836, 0, 1, -0.44770068, 0, -0.93798774, -0.9889567, 0, 0.7275478, 0, 0.0032818806, 0.93798774, 0, -0.44770068, -0.9580427, 0.12644388, 0.23925431, 0, 1, 1.0888855, 0, -0.06654067, -1.8194399, 0, 0.6545501, 0, -2.4969104e-06, 0.06654067, 0, 1.0888855, -0.81558585, 0.56879187, 0.6619164, 0, 1, 1.2250544, 0, 0.3806608, 1.7669526, 0, 0.7696999, 0, -2.936172e-06, -0.3806608, 0, 1.2250544, -1.5043981, 0.20365831, 0.31303245, 0, 1, 1.1772164, 0, 0.8587244, 1.1131123, 0, 1.165709, 0, -0.085226774, -0.8587244, 0, 1.1772164, 1.6257014, 0.13409424, 0.24656421, 0, 1, 1.0247322, 0, -0.18502325, 0.75115263, 0, 0.93717176, 0, -4.468783e-06, 0.18502325, 0, 1.0247322, -0.11753279, 0.32373378, 0.42776418, 0, 1, 0.7843988, 0, -0.8466398, 0.10332018, 0, 0.9233263, 0, -4.402763e-06, 0.8466398, 0, 0.7843988, -0.6584355, 0.5349481, 0.62957877, 0, 1, -0.06579529, 0, -1.3708323, -0.8969182, 0, 1.0979284, 0, -0.012126072, 1.3708323, 0, -0.06579529, 0.83430636, 0.38099664, 0.48247862, 0, 1, -1.2847153, 0, -0.046546515, 1.6754241, 0, 1.0284466, 0, -0.06422887, 0.046546515, 0, -1.2847153, 0.460695, 0.11656577, 0.22981581, 0, 1)

[sub_resource type="MultiMesh" id="MultiMesh_cev1e"]
transform_format = 1
use_colors = true
instance_count = 25
visible_instance_count = 25
mesh = ExtResource("6_rgmr2")
buffer = PackedFloat32Array(-0.7445403, 0, -0.9458629, 1.5908337, 0, 0.9629943, 0, -0.062202994, 0.9458629, 0, -0.7445403, -0.3360098, 0.17483982, 0.28549647, 0, 1, 1.1995384, 0, 0.32159525, 1.4157474, 0, 0.9935201, 0, -0.42548096, -0.32159525, 0, 1.1995384, 0.9647802, 0.549291, 0.6432833, 0, 1, -1.1242697, 0, -0.74562347, -1.1458986, 0, 0.94433516, 0, -0.002491027, 0.74562347, 0, -1.1242697, -0.738382, 0.26019305, 0.3670512, 0, 1, 1.1573426, 0, -0.66215605, -0.0602673, 0, 1.2000387, 0, -0.24992985, 0.66215605, 0, 1.1573426, 0.88292754, 0.623274, 0.7139739, 0, 1, 0.8249816, 0, 1.2061789, 0.8039203, 0, 1.3151898, 0, -0.10501817, -1.2061789, 0, 0.8249816, -0.38296154, 0.4665064, 0.56418294, 0, 1, 1.0919998, 0, -0.30408156, 0.85825545, 0, 0.90683764, 0, 0.0019925633, 0.30408156, 0, 1.0919998, -1.0644249, 0.54246014, 0.6367565, 0, 1, 1.0454171, 0, 0.054681797, 0.5282925, 0, 0.7327923, 0, 0.057735797, -0.054681797, 0, 1.0454171, -1.6293068, 0.3932705, 0.49420625, 0, 1, 1.2469945, 0, -0.5294461, 1.2547468, 0, 0.9483149, 0, -0.5605315, 0.5294461, 0, 1.2469945, 1.3995715, 0.6112636, 0.70249796, 0, 1, -1.0265993, 0, 0.3234639, 1.721149, 0, 0.64581156, 0, 0.08654171, -0.3234639, 0, -1.0265993, -1.8850839, 0.29226208, 0.39769304, 0, 1, -0.3383791, 0, 1.0311432, -1.6614822, 0, 0.651147, 0, 0.019676441, -1.0311432, 0, -0.3383791, -1.0555385, 0.57913494, 0.67179906, 0, 1, 1.4387944, 0, 0.10030259, -0.55919284, 0, 1.0096004, 0, -0.24332735, -0.10030259, 0, 1.4387944, 1.6925875, 0.60820854, 0.6995789, 0, 1, 1.2490084, 0, -0.76133835, -1.7090812, 0, 1.0239298, 0, -0.026385887, 0.76133835, 0, 1.2490084, 1.0026424, 0.5706436, 0.6636857, 0, 1, -1.4145408, 0, -0.28282726, -1.8328187, 0, 1.0097767, 0, -3.8519925e-06, 0.28282726, 0, -1.4145408, -0.399466, 0.53420645, 0.62887007, 0, 1, -1.2854029, 0, -0.6181822, 0.0837183, 0, 0.9984291, 0, 0.22005174, 0.6181822, 0, -1.2854029, -1.8202307, 0.32652265, 0.43042892, 0, 1, 1.0202965, 0, -0.99228305, -1.3857527, 0, 0.85394794, 0, -0.04879244, 0.99228305, 0, 1.0202965, 1.5576985, 0.49312553, 0.58961743, 0, 1, 0.14053617, 0, -1.150924, 0.040412962, 0, 0.927578, 0, -0.355958, 1.150924, 0, 0.14053617, 1.4376608, 0.19647259, 0.30616653, 0, 1, -1.1367956, 0, 0.20129867, -1.1276535, 0, 0.92358446, 0, -0.006302996, -0.20129867, 0, -1.1367956, -0.19301456, 0.20483617, 0.3141579, 0, 1, -0.013357625, 0, 1.1947578, -1.1612276, 0, 0.7168995, 0, 0.28194705, -1.1947578, 0, -0.013357625, -1.4911091, 0.10788189, 0.2215184, 0, 1, 0.75224227, 0, -1.1925143, 0.8161802, 0, 1.2689549, 0, -0.3756984, 1.1925143, 0, 0.75224227, 0.58687097, 0.18992136, 0.29990685, 0, 1, 1.1438583, 0, -0.87173074, -0.3880508, 0, 1.1505342, 0, 0.0441648, 0.87173074, 0, 1.1438583, -1.0249729, 0.54166293, 0.63599473, 0, 1, 0.88447046, 0, 1.0131687, -0.3829538, 0, 1.2104243, 0, -0.06310488, -1.0131687, 0, 0.88447046, -0.04106641, 0.3569015, 0.45945582, 0, 1, 0.97299325, 0, 0.94692713, 1.3972337, 0, 0.95039964, 0, 0.027480284, -0.94692713, 0, 0.97299325, -0.90986085, 0.36394134, 0.46618235, 0, 1, -1.0385665, 0, 0.5834173, 0.4262569, 0, 0.952973, 0, -0.52153516, -0.5834173, 0, -1.0385665, 1.5709177, 0.35368034, 0.45637798, 0, 1, -0.14236398, 0, 1.1993401, -1.5896904, 0, 0.60388, 0, 0.27901784, -1.1993401, 0, -0.14236398, -1.5897267, 0.15938535, 0.27072978, 0, 1, 1.0722871, 0, -0.20685086, -0.8304182, 0, 0.873645, 0, -0.055897564, 0.20685086, 0, 1.0722871, 0.6715797, 0.33896592, 0.4423184, 0, 1)

[sub_resource type="StandardMaterial3D" id="StandardMaterial3D_kte83"]
transparency = 1
blend_mode = 4
cull_mode = 2
shading_mode = 0
specular_mode = 2
disable_ambient_light = true
disable_fog = true
albedo_texture = ExtResource("13_58tgt")

[sub_resource type="QuadMesh" id="QuadMesh_5x773"]
material = SubResource("StandardMaterial3D_kte83")
size = Vector2(150, 150)

[node name="Playground" instance=ExtResource("1_fiv0q")]
script = ExtResource("2_rvw1y")
metadata/_edit_horizontal_guides_ = [6.0]

[node name="Sky" parent="." index="0"]
environment = SubResource("Environment_fiv0q")

[node name="Sun" type="DirectionalLight3D" parent="Sky" index="0"]
transform = Transform3D(0.48553163, -0.1426596, 0.86250055, 0.037246544, 0.98907554, 0.14262787, -0.8734252, -0.03712516, 0.4855409, 0, 4, 0)
shadow_enabled = true
directional_shadow_mode = 1
directional_shadow_blend_splits = true
directional_shadow_max_distance = 150.0
directional_shadow_pancake_size = 0.0

[node name="Landscape" parent="." index="2" instance=ExtResource("3_aut2g")]

[node name="Floor" parent="." index="3"]
visible = false
collision_layer = 0
collision_mask = 0

[node name="Player" parent="." index="4"]
transform = Transform3D(-0.8028072, 0, -0.59623885, 0, 1, 0, 0.59623885, 0, -0.8028072, 3.829465, 0.64434695, 1.7750566)

[node name="Bounds" parent="." index="5"]
size = 13.65

[node name="Ambience" parent="Sound" index="0"]
stream = ExtResource("6_42lni")

[node name="Natural" type="Node3D" parent="." index="7"]

[node name="Bamboo8" parent="Natural" index="0" instance=ExtResource("2_m67mg")]
transform = Transform3D(0.6896069, 0, -0.7241839, 0, 1, 0, 0.7241839, 0, 0.6896069, -18.401306, 2.0458958, 8.05217)

[node name="Bamboo2" parent="Natural" index="1" instance=ExtResource("2_m67mg")]
transform = Transform3D(0.82130855, 0, -0.5704842, 0, 1, 0, 0.5704842, 0, 0.82130855, 1.4603248, -0.20155185, -1.9089997)

[node name="Bamboo3" parent="Natural" index="2" instance=ExtResource("2_m67mg")]
transform = Transform3D(-0.52939045, -0.0678934, -0.8456573, -0.03602524, 0.9976926, -0.057547335, 0.8476131, 0, -0.5306148, -3.676724, 1.3820144, -2.5471292)

[node name="Bamboo10" parent="Natural" index="3" instance=ExtResource("2_m67mg")]
transform = Transform3D(0.59547496, 0.12499535, -0.79359037, -0.30405685, 0.9494047, -0.07861369, 0.7436121, 0.28810906, 0.6033524, 0.9379494, -1.6619234, 12.727282)

[node name="Grass" parent="Natural" index="4" instance=ExtResource("5_u67vg")]
transform = Transform3D(0.99999994, 0, 0, 0, 0.9999998, 0, 0, 0, 0.9999999, -0.22925329, -0.10576916, 1.1872952)
multimesh = SubResource("MultiMesh_judrx")
size = 4.0
follow_floor = true
max_scale = 1.5

[node name="Grass2" parent="Natural" index="5" instance=ExtResource("5_u67vg")]
transform = Transform3D(0.99999994, 0, 0, 0, 0.9999998, 0, 0, 0, 0.9999999, 3.969252, -0.1549592, -0.7430053)
multimesh = SubResource("MultiMesh_cev1e")
size = 4.0
follow_floor = true
max_scale = 1.5

[node name="Tree2" parent="Natural" index="6" instance=ExtResource("12_fq4iu")]
transform = Transform3D(-0.9588693, 0, -0.28384796, 0, 1, 0, 0.28384796, 0, -0.9588693, -11.4731655, -0.09296268, 2.3586357)

[node name="Tree6" parent="Natural" index="7" instance=ExtResource("12_fq4iu")]
transform = Transform3D(-0.67130506, -0.17894675, 0.7192549, -0.2575714, 0.9662593, -2.016719e-08, -0.69498676, -0.1852595, -0.69474626, -8.591396, -2.223877, 12.33293)

[node name="Tree3" parent="Natural" index="8" instance=ExtResource("12_fq4iu")]
transform = Transform3D(-0.9184769, 0, 1.3101146, 0, 1.6, 0, -1.3101146, 0, -0.9184769, -17.476847, 2.2105615, 16.879269)

[node name="Tree4" parent="Natural" index="9" instance=ExtResource("12_fq4iu")]
transform = Transform3D(0.8010592, -0.2645363, 0.5369587, 0.28896728, 0.9564975, 0.04013045, -0.5242156, 0.123016626, 0.84265345, 7.810972, -0.04402381, -4.2168484)

[node name="Tree5" parent="Natural" index="10" instance=ExtResource("12_fq4iu")]
transform = Transform3D(0.35999686, 0, -0.93295354, 0, 1, 0, 0.93295354, 0, 0.35999686, 14.944819, 0.80393016, -0.1434691)

[node name="FogVolume" parent="Natural" index="11" instance=ExtResource("11_r4xcf")]
transform = Transform3D(0.9995879, 0, 0.02870673, 0, 1, 0, -0.02870673, 0, 0.9995879, -4.8024764, 0.87474775, 0.44770527)

[node name="FogVolume2" parent="Natural" index="12" instance=ExtResource("11_r4xcf")]
transform = Transform3D(0.98705524, 0, -0.16038081, 0, 1, 0, 0.16038081, 0, 0.98705524, 8.921758, 1.3126891, -3.1059918)

[node name="FogVolume3" parent="Natural" index="13" instance=ExtResource("11_r4xcf")]
transform = Transform3D(0.4395002, 0, 0.8982425, 0, 1, 0, -0.8982425, 0, 0.4395002, -16.874113, 3.332859, 0.6187277)
size = Vector3(10, 4.313965, 5)

[node name="Daisies4" parent="Natural" index="14" instance=ExtResource("7_rgmr2")]
transform = Transform3D(-0.94426787, -0.08255951, 0.31865665, -0.063941635, 0.9956019, 0.06846992, -0.32290807, 0.044278502, -0.94539404, 3.6394167, -0.05727935, -0.84516823)

[node name="Daisies3" parent="Natural" index="15" instance=ExtResource("7_rgmr2")]
transform = Transform3D(0.2506975, -0.06927551, 0.9655836, 0.5049203, 0.86037433, -0.069366686, -0.8259579, 0.50493276, 0.2506722, -1.3021643, 0.39877242, -1.0536754)

[node name="Daisies6" parent="Natural" index="16" instance=ExtResource("7_rgmr2")]
transform = Transform3D(-0.59349936, 0.0072954884, -0.8048015, -0.34405023, 0.9016881, 0.26189294, 0.7275905, 0.4323254, -0.5326413, -3.5537817, -1.424946, 4.87862)

[node name="RockDecal" type="Decal" parent="Natural" index="17"]
transform = Transform3D(1, 0, 0, 0, 1, 0, 0, 0, 0.99999994, -10.582555, 0.35652763, 5.836824)
size = Vector3(5, 3, 5)
texture_albedo = ExtResource("12_judrx")
albedo_mix = 0.9
distance_fade_enabled = true
distance_fade_begin = 20.0
distance_fade_length = 2.0
cull_mask = 1047556

[node name="RockDecal6" type="Decal" parent="Natural" index="18"]
transform = Transform3D(1, 0, 0, 0, 0.99999994, 0, 0, 0, 0.99999976, 6.8822203, -0.90865123, 1.075048)
size = Vector3(7, 1.2797852, 7)
texture_albedo = ExtResource("12_judrx")
albedo_mix = 0.6
distance_fade_enabled = true
distance_fade_begin = 20.0
distance_fade_length = 2.0
cull_mask = 1047556

[node name="RockDecal3" type="Decal" parent="Natural" index="19"]
transform = Transform3D(0.99789226, -0.04118342, 0.05014916, 0.06392696, 0.49107724, -0.868767, 0.011151696, 0.870142, 0.4926753, -1.6265597, 2.3887727, -4.421972)
size = Vector3(6, 2, 6)
texture_albedo = ExtResource("12_judrx")
albedo_mix = 0.9
distance_fade_enabled = true
distance_fade_begin = 20.0
distance_fade_length = 2.0
cull_mask = 1047556

[node name="RockDecal2" type="Decal" parent="Natural" index="20"]
transform = Transform3D(1, 0, 0, 0, 0.95343316, 0.3016045, 0, -0.3016045, 0.95343316, -2.3867238, -0.9443433, 11.993877)
size = Vector3(5, 3, 5)
texture_albedo = ExtResource("12_judrx")
distance_fade_enabled = true
distance_fade_begin = 20.0
distance_fade_length = 2.0
cull_mask = 1047556

[node name="MoonPivot" type="Marker3D" parent="." index="8"]
transform = Transform3D(0.7071067, -0.15906441, 0.6889837, 0, 0.97437006, 0.22495104, -0.7071067, -0.15906441, 0.6889837, 0, 0, 0)

[node name="Moon" type="MeshInstance3D" parent="MoonPivot" index="0"]
transform = Transform3D(1, 0, 0, 0, 1, 0, 0, 0, 1, 0, 0, 160)
cast_shadow = 0
mesh = SubResource("QuadMesh_5x773")

[node name="Billboards" type="Node3D" parent="." index="9"]

[node name="TreeB_B" parent="Billboards" index="0" instance=ExtResource("16_iqvk5")]
transform = Transform3D(-1.327805, 0, -2.6901548, 0, 3, 0, 2.6901548, 0, -1.327805, -24.76035, 11.24815, 4.747126)

[node name="TreeB_C2" parent="Billboards" index="1" instance=ExtResource("17_8gts6")]
transform = Transform3D(-0.9053628, 0, 2.8601255, 0, 3, 0, -2.8601255, 0, -0.9053628, -27.581322, 5.448487, 16.522753)

[node name="TreeB_C3" parent="Billboards" index="2" instance=ExtResource("17_8gts6")]
transform = Transform3D(2.0429187, -0.9915034, 1.9604602, 1.3098872, 2.698925, 0, -1.7637116, 0.8559939, 2.270814, -15.626822, 11.149727, -12.865395)

[node name="BambooB_A" parent="Billboards" index="3" instance=ExtResource("17_judrx")]
transform = Transform3D(0.0073653613, 0, -1.9999864, 0, 2, 0, 1.9999864, 0, 0.0073653613, -23.205238, 5.672289, 11.321641)

[node name="BambooB_A2" parent="Billboards" index="4" instance=ExtResource("17_judrx")]
transform = Transform3D(-1.1724634, 0, 2.1170096, 0, 2.42, 0, -2.1170096, 0, -1.1724634, -24.300455, 6.888706, 14.807833)

[node name="TreeB_B2" parent="Billboards" index="5" instance=ExtResource("16_iqvk5")]
transform = Transform3D(1.4210556, 0, 2.2189696, 0, 2.635, 0, -2.2189696, 0, 1.4210556, -20.368761, 4.099202, -3.0647478)

[node name="TreeB_B3" parent="Billboards" index="6" instance=ExtResource("16_iqvk5")]
transform = Transform3D(2.6260412, 0, -0.21709979, 0, 2.635, 0, 0.21709979, 0, 2.6260412, 8.670503, 5.660459, -12.941602)

[node name="TreeB_B4" parent="Billboards" index="7" instance=ExtResource("16_iqvk5")]
transform = Transform3D(1.8696018, 0, -0.71034443, 0, 2, 0, 0.71034443, 0, 1.8696018, -8.359807, 2.5360322, 25.782415)

[node name="Doodad" parent="." index="10" instance=ExtResource("18_judrx")]
transform = Transform3D(0.8584859, 0, 0.5128372, 0, 1, 0, -0.5128372, 0, 0.8584859, -6.0476594, -0.3972426, 0.71359944)

[node name="Doodad2" parent="." index="11" instance=ExtResource("18_judrx")]
transform = Transform3D(0.032597005, 0, 0.9994685, 0, 1, 0, -0.9994685, 0, 0.032597005, -4.958689, -1.9280795, 7.82456)
owned_by_player = false
