[gd_scene load_steps=25 format=3 uid="uid://ca4uchglbi37g"]

[ext_resource type="PackedScene" uid="uid://cave0dvi8i7rh" path="res://lib/shard/shard.tscn" id="1_fiv0q"]
[ext_resource type="PackedScene" uid="uid://pconmu7n0aev" path="res://shards/playground/props/bamboo/meshes/bamboo.glb" id="2_m67mg"]
[ext_resource type="Script" uid="uid://bnchiul4t411m" path="res://shards/playground/playground.gd" id="2_rvw1y"]
[ext_resource type="Material" uid="uid://dqqw1cju3b7h6" path="res://shards/playground/materials/mat_night_sky.tres" id="2_tahua"]
[ext_resource type="PackedScene" uid="uid://dfqc760v1ljpr" path="res://shards/playground/meshes/landscape.glb" id="3_aut2g"]
[ext_resource type="PackedScene" uid="uid://dn4mx27dqt7yo" path="res://lib/shard/foliage_spawner/foliage_spawner.tscn" id="5_u67vg"]
[ext_resource type="AudioStream" uid="uid://cih0evhjc054h" path="res://shards/playground/sounds/ambience.ogg" id="6_42lni"]
[ext_resource type="ArrayMesh" uid="uid://7dxgm1hl7c0r" path="res://shards/playground/props/grass/meshes/grass.res" id="6_rgmr2"]
[ext_resource type="PackedScene" uid="uid://bpy6tnc050xy6" path="res://shards/playground/props/daisies/meshes/daisies.glb" id="7_rgmr2"]
[ext_resource type="PackedScene" uid="uid://ryyhp7qf3geq" path="res://shards/playground/props/fog_volume/fog_volume.tscn" id="11_r4xcf"]
[ext_resource type="PackedScene" uid="uid://c87qysmwmmkk4" path="res://shards/playground/props/tree/meshes/tree.glb" id="12_fq4iu"]
[ext_resource type="Texture2D" uid="uid://210v4in36vha" path="res://shards/playground/materials/textures/rock_decal.png" id="12_judrx"]
[ext_resource type="Texture2D" uid="uid://cplitpdhow6ar" path="res://shards/playground/materials/textures/moon_diff.png" id="13_58tgt"]
[ext_resource type="PackedScene" uid="uid://cdm24pjj0huol" path="res://shards/playground/props/tree/billboard/meshes/tree_b_b.tscn" id="16_iqvk5"]
[ext_resource type="PackedScene" uid="uid://cm1i00vv1oloh" path="res://shards/playground/props/tree/billboard/meshes/tree_b_c.tscn" id="17_8gts6"]
[ext_resource type="PackedScene" uid="uid://bwis8vf1ikmc5" path="res://shards/playground/props/bamboo/billboard/meshes/bamboo_b_a.tscn" id="17_judrx"]
[ext_resource type="PackedScene" uid="uid://b3eweb51qkttk" path="res://things/doodad/doodad.tscn" id="18_judrx"]

[sub_resource type="Sky" id="Sky_rfd7c"]
sky_material = ExtResource("2_tahua")

[sub_resource type="Environment" id="Environment_fiv0q"]
background_mode = 2
sky = SubResource("Sky_rfd7c")
ambient_light_source = 2
ambient_light_color = Color(0.20041844, 0.27167064, 0.34174857, 1)
tonemap_mode = 2
tonemap_exposure = 1.25
glow_enabled = true
glow_normalized = true
glow_bloom = 0.25
fog_enabled = true
fog_mode = 1
fog_light_color = Color(0.0095, 0.011524987, 0.05, 1)
fog_density = 1.0
fog_sky_affect = 0.0
fog_depth_begin = 7.0
fog_depth_end = 32.0
volumetric_fog_enabled = true
volumetric_fog_density = 0.0
volumetric_fog_albedo = Color(0.007843138, 0.011764706, 0.050980393, 1)
volumetric_fog_sky_affect = 0.0
adjustment_enabled = true
adjustment_saturation = 1.12

[sub_resource type="MultiMesh" id="MultiMesh_judrx"]
transform_format = 1
use_colors = true
instance_count = 36
visible_instance_count = 36
mesh = ExtResource("6_rgmr2")
buffer = PackedFloat32Array(1.5733024, 0, -0.5576681, 1.916023, 0, 2.5038204, 0, 0, 0.5576681, 0, 1.5733024, -0.36176884, 0.4135943, 0.6429138, 0.0026276037, 1, -1.7337613, 0, 0.6166773, 0.40505484, 0, 3.066947, 0, 0, -0.6166773, 0, -1.7337613, 2.3667192, 0.39475083, 0.6204566, 0.0033051958, 1, 1.5191447, 0, -1.2870917, 0.023660528, 0, 3.318469, 0, 0, 1.2870917, 0, 1.5191447, -1.1614501, 0.0934463, 0.26136753, 0.01413979, 1, -0.11951219, 0, 1.8405346, -1.1561196, 0, 3.0740178, 0, 0, -1.8405346, 0, -0.11951219, 0.28196967, 0.12072121, 0.29387325, 0.013159012, 1, -0.3291685, 0, -1.5766964, 0.89061385, 0, 2.4160357, 0, 0, 1.5766964, 0, -0.3291685, 1.7308927, 0.27549902, 0.47833446, 0.0075933663, 1, 1.2718445, 0, 1.4023913, -2.1137805, 0, 2.8398333, 0, 0, -1.4023913, 0, 1.2718445, 0.38626394, 0.29184034, 0.49780977, 0.0070057493, 1, -0.14455217, 0, -1.9937308, -2.486751, 0, 1.9989642, 0, 0, 1.9937308, 0, -0.14455217, -1.7321401, 0.27188826, 0.47403124, 0.007723205, 1, 1.3257558, 0, -1.2866485, -1.9983708, 0, 2.4632745, 0, 0, 1.2866485, 0, 1.3257558, -0.6151542, 0.25399244, 0.45270333, 0.00836672, 1, 1.1605655, 0, -1.2602445, 0.052406326, 0, 3.1409063, 0, 0, 1.2602445, 0, 1.1605655, 1.2692782, 0.030785011, 0.18668899, 0.016393024, 1, 0.26269075, 0, 1.9188992, 2.1305025, 0, 2.5823953, 0, 0, -1.9188992, 0, 0.26269075, -0.92450976, 0.34745646, 0.564092, 0.0050058523, 1, 0.016282124, 0, -1.5806335, 0.8705129, 0, 2.6345289, 0, 0, 1.5806335, 0, 0.016282124, -0.7751705, 0.3477308, 0.5644189, 0.0049959878, 1, -0.32307708, 0, 1.5460296, -0.38611522, 0, 2.369139, 0, 0, -1.5460296, 0, -0.32307708, -1.3302491, 0.28663567, 0.49160692, 0.007192904, 1, -0.22864504, 0, 1.6218187, 2.1181664, 0, 2.456785, 0, 0, -1.6218187, 0, -0.22864504, 1.4393492, 0.4852471, 0.7283083, 5.104579e-05, 1, -0.45307893, 0, -1.4573957, -1.3501444, 0, 2.289298, 0, 0, 1.4573957, 0, -0.45307893, -0.34658468, 0.13208602, 0.30741763, 0.012750346, 1, -0.65547377, 0, -1.7732017, -0.5588, 0, 3.4658682, 0, 0, 1.7732017, 0, -0.65547377, 0.15061775, 0.27350822, 0.4759619, 0.0076649534, 1, 0.15409274, 0, -1.5471586, -1.5356704, 0, 1.8139488, 0, 0, 1.5471586, 0, 0.15409274, -2.1627705, 0.32289574, 0.534821, 0.00588903, 1, -1.7487051, 0, 0.061319012, -1.3088328, 0, 2.33304, 0, 0, -0.061319012, 0, -1.7487051, 2.100887, 0.07041541, 0.23391974, 0.014967957, 1, 1.4929631, 0, 1.1040151, -1.943506, 0, 2.1662922, 0, 0, -1.1040151, 0, 1.4929631, -1.3361953, 0.45248574, 0.6892638, 0.0012291092, 1, -1.2364055, 0, 0.86460894, 2.1756368, 0, 2.0116317, 0, 0, -0.86460894, 0, -1.2364055, 1.9253954, 0.3260413, 0.5385698, 0.0057759183, 1, 1.5325245, 0, -0.1705754, 1.3613696, 0, 2.56998, 0, 0, 0.1705754, 0, 1.5325245, 1.23843, 0.19547977, 0.38296908, 0.010470774, 1, 1.2382077, 0, -1.3734963, -0.8160144, 0, 2.4656396, 0, 0, 1.3734963, 0, 1.2382077, -2.1618173, 0.15490755, 0.3346159, 0.011929708, 1, 1.0800619, 0, 1.4262271, 2.261574, 0, 2.087211, 0, 0, -1.4262271, 0, 1.0800619, -2.264324, 0.0372184, 0.19435619, 0.016161686, 1, -1.5399148, 0, 0.5226286, -0.6103727, 0, 2.4392776, 0, 0, -0.5226286, 0, -1.5399148, 1.7285976, 0.46082246, 0.69919944, 0.00092932954, 1, -1.2726313, 0, -0.80515987, -1.9027435, 0, 2.007928, 0, 0, 0.80515987, 0, -1.2726313, 0.8416607, 0.062902436, 0.22496593, 0.015238116, 1, 1.893102, 0, 0.0140552, 0.6698139, 0, 2.8397312, 0, 0, -0.0140552, 0, 1.893102, -2.142376, 0.11750781, 0.2900436, 0.0132745635, 1, 0.7339156, 0, -1.4212525, -1.6500746, 0, 2.3993392, 0, 0, 1.4212525, 0, 0.7339156, 1.2748336, 0.32439253, 0.5366048, 0.005835207, 1, -1.6775225, 0, 1.060843, 2.0918353, 0, 3.3080163, 0, 0, -1.060843, 0, -1.6775225, 0.19399457, 0.11914242, 0.29199168, 0.013215784, 1, 1.2886249, 0, -1.2186908, -1.359369, 0, 2.3648393, 0, 0, 1.2186908, 0, 1.2886249, -1.3739781, 0.060842454, 0.22251087, 0.01531219, 1, 1.2149037, 0, 1.3235033, 0.3657805, 0, 3.5931334, 0, 0, -1.3235033, 0, 1.2149037, 0.5515189, 0.08832314, 0.25526184, 0.014324013, 1, 0.6134564, 0, 1.5691965, 1.2821497, 0, 3.0888846, 0, 0, -1.5691965, 0, 0.6134564, 0.017316904, 0.23774627, 0.43334147, 0.008950915, 1, -0.33109578, 0, -1.4975469, -0.49542233, 0, 2.556186, 0, 0, 1.4975469, 0, -0.33109578, 1.003176, 0.2118947, 0.40253207, 0.009880509, 1, -1.4833677, 0, -0.450858, 1.4018099, 0, 2.3255577, 0, 0, 0.450858, 0, -1.4833677, -1.1726828, 0.056979753, 0.2179074, 0.015451089, 1, -1.5778116, 0, -1.0838323, -0.2778781, 0, 3.190342, 0, 0, 1.0838323, 0, -1.5778116, -0.2691654, 0.34353325, 0.5594164, 0.005146927, 1, 1.3716247, 0, -0.92466503, 0.53278965, 0, 3.03269, 0, 0, 0.92466503, 0, 1.3716247, -0.6055747, 0.20545049, 0.39485198, 0.010112237, 1, -1.9698138, 0, 0.32125184, -2.0303488, 0, 2.3284776, 0, 0, -0.32125184, 0, -1.9698138, 2.3891728, 0.21475428, 0.4059401, 0.009777682, 1, -0.5914363, 0, 1.6703266, 0.97719264, 0, 2.362593, 0, 0, -1.6703266, 0, -0.5914363, -2.100144, 0.116738945, 0.28912726, 0.013302211, 1)

[sub_resource type="MultiMesh" id="MultiMesh_8gts6"]
transform_format = 1
use_colors = true
instance_count = 36
visible_instance_count = 36
mesh = ExtResource("6_rgmr2")
buffer = PackedFloat32Array(-0.58688664, 0, -1.8790967, -0.28864652, 0, 4.9215345, 0, 0, 1.8790967, 0, -0.58688664, 2.3741627, 0.26105517, 0.46112058, 0.008112752, 1, -1.3509637, 0, 1.0066755, -1.5013909, 0, 4.211961, 0, 0, -1.0066755, 0, -1.3509637, -1.341742, 0.43407625, 0.6673238, 0.0018910952, 1, 1.6551565, 0, -0.37233528, 1.3790627, 0, 4.2412977, 0, 0, 0.37233528, 0, 1.6551565, 1.0265415, 0.2616501, 0.4618296, 0.008091359, 1, 1.7539202, 0, 0.44687146, 1.5978531, 0, 4.524883, 0, 0, -0.44687146, 0, 1.7539202, -0.90683377, 0.33777556, 0.5525545, 0.0053539677, 1, -1.524961, 0, -0.09473589, -1.8331411, 0, 3.819752, 0, 0, 0.09473589, 0, -1.524961, 0.6009161, 0.43063116, 0.663218, 0.002014977, 1, -0.7249146, 0, -1.5034509, 1.2565897, 0, 4.1727285, 0, 0, 1.5034509, 0, -0.7249146, -2.5739653, 0.35639074, 0.5747397, 0.004684585, 1, 0.64616895, 0, 1.8252549, -0.6590449, 0, 4.8406415, 0, 0, -1.8252549, 0, 0.64616895, -1.4125612, 0.07816568, 0.24315637, 0.014689265, 1, -0.19540177, 0, -1.9637047, -2.9023793, 0, 4.933507, 0, 0, 1.9637047, 0, -0.19540177, -1.3541145, 0.035653353, 0.192491, 0.016217964, 1, -1.4085847, 0, -0.8836385, 2.1195066, 0, 4.157018, 0, 0, 0.8836385, 0, -1.4085847, -2.5980961, 0.22358704, 0.41646677, 0.009460066, 1, 0.4625687, 0, 1.7709001, -0.70341444, 0, 4.5757904, 0, 0, -1.7709001, 0, 0.4625687, -0.7454934, 0.03980742, 0.19744173, 0.016068587, 1, -1.5955237, 0, 0.49724084, 1.0354394, 0, 4.1780257, 0, 0, -0.49724084, 0, -1.5955237, 0.030027669, 0.40169147, 0.6287283, 0.0030556181, 1, 1.0628885, 0, -1.563479, -1.3793072, 0, 4.7263875, 0, 0, 1.563479, 0, 1.0628885, 2.504454, 0.194689, 0.38202664, 0.010499209, 1, 1.674857, 0, -0.95979565, 1.1749791, 0, 4.8259416, 0, 0, 0.95979565, 0, 1.674857, 2.3121629, 0.105084576, 0.2752378, 0.01372129, 1, 0.72078395, 0, 1.799465, -2.4143639, 0, 4.8461347, 0, 0, -1.799465, 0, 0.72078395, -0.89638215, 0.36670336, 0.5870301, 0.004313753, 1, 0.64328873, 0, 1.7140467, 2.556703, 0, 4.5769644, 0, 0, -1.7140467, 0, 0.64328873, -1.8868386, 0.28753465, 0.49267834, 0.007160577, 1, 1.6324396, 0, 0.69413227, 0.18419167, 0, 4.43472, 0, 0, -0.69413227, 0, 1.6324396, -0.98782176, 0.16613372, 0.347995, 0.011526027, 1, -1.6688662, 0, -0.19071753, -2.8784971, 0, 4.199321, 0, 0, 0.19071753, 0, -1.6688662, 2.1831279, 0.0030831317, 0.15367442, 0.017389154, 1, 1.2680405, 0, 0.8798612, 0.44551516, 0, 3.8584993, 0, 0, -0.8798612, 0, 1.2680405, -2.9254346, 0.28651905, 0.49146795, 0.007197097, 1, 1.0569977, 0, 1.5700442, -2.358947, 0, 4.73173, 0, 0, -1.5700442, 0, 1.0569977, 0.4014692, 0.13103247, 0.306162, 0.012788231, 1, -1.7658921, 0, 0.77811134, 2.2355094, 0, 4.8243084, 0, 0, -0.77811134, 0, -1.7658921, -0.35304624, 0.18127511, 0.36604023, 0.010981558, 1, -0.28068906, 0, -1.9248976, -2.3398118, 0, 4.8631372, 0, 0, 1.9248976, 0, -0.28068906, 1.7741048, 0.14767136, 0.32599193, 0.012189914, 1, -0.80208963, 0, -1.6642135, 2.3856318, 0, 4.6185455, 0, 0, 1.6642135, 0, -0.80208963, 0.055440016, 0.37968343, 0.6024995, 0.003847004, 1, 1.4518201, 0, 0.71471786, -2.4834614, 0, 4.045525, 0, 0, -0.71471786, 0, 1.4518201, -2.7300396, 0.24705453, 0.44443488, 0.0086162, 1, -0.60063404, 0, 1.842821, 0.20984489, 0, 4.8455844, 0, 0, -1.842821, 0, -0.60063404, 2.4798067, 0.063216664, 0.22534043, 0.015226816, 1, -0.19843225, 0, -1.9610516, 0.45409426, 0, 4.9276633, 0, 0, 1.9610516, 0, -0.19843225, 0.1133865, 0.02139032, 0.17549258, 0.016730847, 1, -1.018088, 0, -1.4199615, -1.9932469, 0, 4.368061, 0, 0, 1.4199615, 0, -1.018088, 1.0245464, 0.16962647, 0.3521576, 0.011400431, 1, 1.3174702, 0, 0.79552877, -0.62669027, 0, 3.847559, 0, 0, -0.79552877, 0, 1.3174702, 1.2089313, 0.32021847, 0.5316303, 0.005985301, 1, -0.74522585, 0, -1.6331581, -1.5493588, 0, 4.4878774, 0, 0, 1.6331581, 0, -0.74522585, -0.5490422, 0.19954602, 0.38781518, 0.010324555, 1, -1.9837139, 0, 0.025819859, 0.03295082, 0, 4.959705, 0, 0, -0.025819859, 0, -1.9837139, 1.3781949, 0.29305834, 0.49926135, 0.006961951, 1, -1.7629106, 0, 0.5324392, 2.1141415, 0, 4.6039014, 0, 0, -0.5324392, 0, -1.7629106, 1.4711187, 0.025720745, 0.1806535, 0.01657513, 1, -1.4551585, 0, -1.367821, -0.92469275, 0, 4.992758, 0, 0, 1.367821, 0, -1.4551585, -2.483087, 0.44712302, 0.6828728, 0.001421947, 1, -0.11038949, 0, 1.8793087, 1.7391424, 0, 4.7063704, 0, 0, -1.8793087, 0, -0.11038949, -1.8635342, 0.3348161, 0.54902744, 0.0054603852, 1, -1.7299628, 0, 0.7385258, 0.5100011, 0, 4.7025204, 0, 0, -0.7385258, 0, -1.7299628, -1.6287544, 0.4041723, 0.6316849, 0.0029664095, 1, 0.86843836, 0, -1.2580892, 2.4367027, 0, 3.821791, 0, 0, 1.2580892, 0, 0.86843836, 2.123223, 0.26423058, 0.46490496, 0.007998567, 1, -0.87649643, 0, -1.4326581, -1.6344321, 0, 4.198776, 0, 0, 1.4326581, 0, -0.87649643, -2.5284235, 0.4174695, 0.6475322, 0.0024882564, 1, 1.4461495, 0, 0.46532023, -0.78352916, 0, 3.7979198, 0, 0, -0.46532023, 0, 1.4461495, 0.2634431, 0.37022913, 0.59123206, 0.004186971, 1)

[sub_resource type="MultiMesh" id="MultiMesh_cev1e"]
transform_format = 1
use_colors = true
instance_count = 36
visible_instance_count = 36
mesh = ExtResource("6_rgmr2")
buffer = PackedFloat32Array(-1.5409989, 0, -0.73164856, 1.0047839, 0, 4.2646713, 0, 0, 0.73164856, 0, -1.5409989, 1.0014046, 0.47451243, 0.7155149, 0.00043705292, 1, -1.7587366, 0, 0.6928462, 2.6927898, 0, 4.725721, 0, 0, -0.6928462, 0, -1.7587366, 1.3613755, 0.13753444, 0.31391093, 0.012554427, 1, 1.2210989, 0, 1.1437751, -1.480518, 0, 4.1827803, 0, 0, -1.1437751, 0, 1.2210989, 0.36179587, 0.463312, 0.70216644, 0.00083980896, 1, 1.3878506, 0, -1.2206849, 2.2301793, 0, 4.620742, 0, 0, 1.2206849, 0, 1.3878506, 2.2211525, 0.2526838, 0.4511437, 0.008413778, 1, 0.8487811, 0, -1.4606783, 0.19012176, 0, 4.2234545, 0, 0, 1.4606783, 0, 0.8487811, -2.6875787, 0.076160476, 0.24076661, 0.01476137, 1, 1.520998, 0, -1.200808, 1.7515767, 0, 4.8446975, 0, 0, 1.200808, 0, 1.520998, 0.53737634, 0.054650147, 0.21513101, 0.015534859, 1, 0.20861627, 0, 1.856988, -2.9540546, 0, 4.6716733, 0, 0, -1.856988, 0, 0.20861627, -1.5869806, 0.38313365, 0.6066114, 0.0037229378, 1, 1.5002192, 0, -0.94861484, -0.7884423, 0, 4.4374313, 0, 0, 0.94861484, 0, 1.5002192, -0.7173687, 0.19093475, 0.3775524, 0.010634208, 1, 1.0604192, 0, -1.5409261, -2.9772732, 0, 4.676365, 0, 0, 1.5409261, 0, 1.0604192, 2.4081016, 0.18654226, 0.37231752, 0.010792157, 1, 1.1111932, 0, 1.6185546, -0.43061602, 0, 4.9082007, 0, 0, -1.6185546, 0, 1.1111932, -1.2231178, 0.15614262, 0.33608782, 0.011885297, 1, -1.5224322, 0, -0.15670125, -0.5715951, 0, 3.8261888, 0, 0, 0.15670125, 0, -1.5224322, 2.063682, 0.036106747, 0.19303134, 0.01620166, 1, -0.8919695, 0, 1.2404622, 1.1062161, 0, 3.8196497, 0, 0, -1.2404622, 0, -0.8919695, -1.4310586, 0.042252377, 0.20035559, 0.01598067, 1, -0.8268509, 0, 1.3376036, -2.6096463, 0, 3.931337, 0, 0, -1.3376036, 0, -0.8268509, 1.2678022, 0.24435768, 0.44122082, 0.008713176, 1, -0.37331268, 0, -1.871433, -1.9346042, 0, 4.77076, 0, 0, 1.871433, 0, -0.37331268, -0.26877916, 0.38696912, 0.61118245, 0.0035850182, 1, -0.06097057, 0, -1.760177, -2.8173404, 0, 4.4030814, 0, 0, 1.760177, 0, -0.06097057, -0.61293125, 0.3464538, 0.562897, 0.0050419075, 1, 1.4344578, 0, 1.0957564, -0.9618657, 0, 4.512726, 0, 0, -1.0957564, 0, 1.4344578, -2.9111788, 0.37752745, 0.59993005, 0.003924531, 1, -1.5476221, 0, 0.8199215, 1.4608605, 0, 4.3785024, 0, 0, -0.8199215, 0, -1.5476221, 2.2529423, 0.07273154, 0.23668008, 0.014884671, 1, 1.1299866, 0, -1.125763, -2.7168365, 0, 3.9876466, 0, 0, 1.125763, 0, 1.1299866, -2.798957, 0.06743014, 0.23036197, 0.015075304, 1, -0.75441724, 0, 1.3745732, 0.430854, 0, 3.9199784, 0, 0, -1.3745732, 0, -0.75441724, -1.7443372, 0.36314705, 0.58279175, 0.0044416348, 1, -1.4208734, 0, -1.2324728, 1.1142842, 0, 4.7023067, 0, 0, 1.2324728, 0, -1.4208734, -2.8812242, 0.48009613, 0.7221694, 0.00023626909, 1, 0.38712958, 0, -1.620405, 2.5645134, 0, 4.165019, 0, 0, 1.620405, 0, 0.38712958, -2.450439, 0.35485473, 0.5729091, 0.004739818, 1, -1.4032578, 0, -0.78774434, 2.636085, 0, 4.0231156, 0, 0, 0.78774434, 0, -1.4032578, -0.85967577, 0.23357965, 0.42837578, 0.009100742, 1, -0.57525605, 0, -1.8233926, 0.62487817, 0, 4.7799582, 0, 0, 1.8233926, 0, -0.57525605, 0.6629869, 0.47816053, 0.7198626, 0.00030587055, 1, -1.6537125, 0, -0.5410047, 2.2158983, 0, 4.349893, 0, 0, 0.5410047, 0, -1.6537125, 0.22216266, 0.3729702, 0.59449875, 0.0040884046, 1, 1.9611691, 0, -0.10782525, -1.396868, 0, 4.9103274, 0, 0, 0.10782525, 0, 1.9611691, -1.5961239, 0.10679445, 0.2772756, 0.013659805, 1, -1.6940787, 0, -0.7585843, -1.4117262, 0, 4.640415, 0, 0, 0.7585843, 0, -1.6940787, -2.3284318, 0.33487433, 0.5490968, 0.0054582926, 1, -0.3287547, 0, -1.5769355, 0.06165823, 0, 4.0271, 0, 0, 1.5769355, 0, -0.3287547, 2.321455, 0.39292124, 0.61827606, 0.0033709863, 1, 0.24278805, 0, -1.9127389, 0.67725474, 0, 4.820215, 0, 0, 1.9127389, 0, 0.24278805, -0.71881664, 0.47620353, 0.71753025, 0.00037624314, 1, -0.8824175, 0, -1.3910209, -2.6245036, 0, 4.118252, 0, 0, 1.3910209, 0, -0.8824175, 0.066246435, 0.065861605, 0.22849262, 0.015131706, 1, 1.8579695, 0, 0.23274373, -1.7256545, 0, 4.681226, 0, 0, -0.23274373, 0, 1.8579695, 1.5510228, 0.06929717, 0.23258705, 0.015008167, 1, -0.6035375, 0, -1.7274418, 2.6717126, 0, 4.574599, 0, 0, 1.7274418, 0, -0.6035375, -1.3376734, 0.1549417, 0.33465657, 0.01192848, 1, -0.9728241, 0, 1.569057, 1.1924071, 0, 4.6154137, 0, 0, -1.569057, 0, -0.9728241, -0.9747595, 0.47585896, 0.7171196, 0.00038863346, 1, 0.54785943, 0, -1.3982319, -1.7350414, 0, 3.754333, 0, 0, 1.3982319, 0, 0.54785943, 2.0948563, 0.27973247, 0.4833798, 0.007441136, 1, 1.1199847, 0, -1.4291918, 0.44744506, 0, 4.53938, 0, 0, 1.4291918, 0, 1.1199847, 1.4627166, 0.29397404, 0.5003527, 0.006929023, 1, -1.0413412, 0, -1.1014556, -0.6588553, 0, 3.7894554, 0, 0, 1.1014556, 0, -1.0413412, 1.0924699, 0.09805702, 0.2668625, 0.013973993, 1, 1.2610403, 0, 1.4775652, -0.4262361, 0, 4.8563247, 0, 0, -1.4775652, 0, 1.2610403, 0.6499958, 0.3680998, 0.58869433, 0.004263539, 1)

[sub_resource type="StandardMaterial3D" id="StandardMaterial3D_kte83"]
transparency = 1
blend_mode = 4
cull_mode = 2
shading_mode = 0
specular_mode = 2
disable_ambient_light = true
disable_fog = true
albedo_texture = ExtResource("13_58tgt")

[sub_resource type="QuadMesh" id="QuadMesh_5x773"]
material = SubResource("StandardMaterial3D_kte83")
size = Vector2(150, 150)

[node name="Playground" instance=ExtResource("1_fiv0q")]
script = ExtResource("2_rvw1y")
metadata/_edit_horizontal_guides_ = [6.0]

[node name="Sky" parent="." index="0"]
environment = SubResource("Environment_fiv0q")

[node name="Sun" type="DirectionalLight3D" parent="Sky" index="0"]
transform = Transform3D(0.48553163, -0.1426596, 0.86250055, 0.037246544, 0.98907554, 0.14262787, -0.8734252, -0.03712516, 0.4855409, 0, 4, 0)
shadow_enabled = true
directional_shadow_mode = 1
directional_shadow_blend_splits = true
directional_shadow_max_distance = 150.0
directional_shadow_pancake_size = 0.0

[node name="Landscape" parent="." index="2" instance=ExtResource("3_aut2g")]

[node name="Floor" parent="." index="3"]
visible = false
collision_layer = 0
collision_mask = 0

[node name="Player" parent="." index="4"]
transform = Transform3D(-0.8028072, 0, -0.59623885, 0, 1, 0, 0.59623885, 0, -0.8028072, 3.829465, 0.64434695, 1.7750566)

[node name="Bounds" parent="." index="5"]
size = 13.65

[node name="Ambience" parent="Sound" index="0"]
stream = ExtResource("6_42lni")

[node name="Natural" type="Node3D" parent="." index="7"]

[node name="Bamboo8" parent="Natural" index="0" instance=ExtResource("2_m67mg")]
transform = Transform3D(1.345, 0, 0, 0, 1.345, 0, 0, 0, 1.345, -18.798813, 2.0458958, 6.3862658)

[node name="Bamboo9" parent="Natural" index="1" instance=ExtResource("2_m67mg")]
transform = Transform3D(-1.0876033, 0, -0.79129267, 0, 1.345, 0, 0.79129267, 0, -1.0876033, -18.666782, 2.011423, 7.8306427)

[node name="Bamboo2" parent="Natural" index="2" instance=ExtResource("2_m67mg")]
transform = Transform3D(0.82130855, 0, -0.5704842, 0, 1, 0, 0.5704842, 0, 0.82130855, 1.4603248, -0.20155185, -1.9089997)

[node name="Bamboo10" parent="Natural" index="3" instance=ExtResource("2_m67mg")]
transform = Transform3D(0.59547496, 0.12499535, -0.79359037, -0.30405685, 0.9494047, -0.07861369, 0.7436121, 0.28810906, 0.6033524, 0.9379494, -1.6619234, 12.727282)

[node name="Grass" parent="Natural" index="4" instance=ExtResource("5_u67vg")]
transform = Transform3D(1, 0, 0, 0, 0.99999994, 0, 0, 0, 0.99999994, -7.337174, -0.21662414, -0.45273793)
multimesh = SubResource("MultiMesh_judrx")
foliage_mesh = ExtResource("6_rgmr2")
count = 6
size = 5.0
scatter = 0.4
min_scale = 1.5
max_scale = 2.0
z_scale = 2.0
colour_1 = Color(0, 0.15, 0.01750002, 1)
colour_2 = Color(0.48666665, 0.73, 0, 1)

[node name="Grass2" parent="Natural" index="5" instance=ExtResource("5_u67vg")]
transform = Transform3D(0.96660364, 0.0051871743, 0.25622347, 0.026604686, 0.9923619, -0.12045631, -0.25489125, 0.12325022, 0.95908266, 4.1321955, -1.2935092, -2.0621529)
multimesh = SubResource("MultiMesh_8gts6")
foliage_mesh = ExtResource("6_rgmr2")
count = 6
size = 6.0
scatter = 0.4
min_scale = 1.5
max_scale = 2.0
z_scale = 2.5
smooth = false
colour_1 = Color(0, 0.15, 0.01750002, 1)
colour_2 = Color(0.48666665, 0.73, 0, 1)

[node name="Grass3" parent="Natural" index="6" instance=ExtResource("5_u67vg")]
transform = Transform3D(0.9659259, 0, 0.25881907, -0.018405775, 0.997468, 0.068691276, -0.25816375, -0.07111444, 0.96348023, 10.378684, -1.1096656, -4.278849)
multimesh = SubResource("MultiMesh_cev1e")
foliage_mesh = ExtResource("6_rgmr2")
count = 6
size = 6.0
scatter = 0.4
min_scale = 1.5
max_scale = 2.0
z_scale = 2.5
smooth = false
colour_1 = Color(0, 0.15, 0.01750002, 1)
colour_2 = Color(0.48666665, 0.73, 0, 1)

[node name="Tree2" parent="Natural" index="7" instance=ExtResource("12_fq4iu")]
transform = Transform3D(-0.9588693, 0, -0.28384796, 0, 1, 0, 0.28384796, 0, -0.9588693, -11.4731655, -0.09296268, 2.3586357)

[node name="Tree6" parent="Natural" index="8" instance=ExtResource("12_fq4iu")]
transform = Transform3D(-0.67130506, -0.17894675, 0.7192549, -0.2575714, 0.9662593, -2.016719e-08, -0.69498676, -0.1852595, -0.69474626, -8.591396, -2.223877, 12.33293)

[node name="Tree3" parent="Natural" index="9" instance=ExtResource("12_fq4iu")]
transform = Transform3D(-0.9184769, 0, 1.3101146, 0, 1.6, 0, -1.3101146, 0, -0.9184769, -17.476847, 2.2105615, 16.879269)

[node name="Tree4" parent="Natural" index="10" instance=ExtResource("12_fq4iu")]
transform = Transform3D(0.8010592, -0.2645363, 0.5369587, 0.28896728, 0.9564975, 0.04013045, -0.5242156, 0.123016626, 0.84265345, 7.810972, -0.04402381, -4.2168484)

[node name="Tree5" parent="Natural" index="11" instance=ExtResource("12_fq4iu")]
transform = Transform3D(0.35999686, 0, -0.93295354, 0, 1, 0, 0.93295354, 0, 0.35999686, 14.944819, 0.80393016, -0.1434691)

[node name="FogVolume" parent="Natural" index="12" instance=ExtResource("11_r4xcf")]
transform = Transform3D(0.9995879, 0, 0.02870673, 0, 1, 0, -0.02870673, 0, 0.9995879, -4.8024764, 0.87474775, 0.44770527)

[node name="FogVolume2" parent="Natural" index="13" instance=ExtResource("11_r4xcf")]
transform = Transform3D(0.98705524, 0, -0.16038081, 0, 1, 0, 0.16038081, 0, 0.98705524, 8.921758, 1.3126891, -3.1059918)

[node name="FogVolume3" parent="Natural" index="14" instance=ExtResource("11_r4xcf")]
transform = Transform3D(0.4395002, 0, 0.8982425, 0, 1, 0, -0.8982425, 0, 0.4395002, -16.874113, 3.332859, 0.6187277)
size = Vector3(10, 4.313965, 5)

[node name="Daisies" parent="Natural" index="15" instance=ExtResource("7_rgmr2")]
transform = Transform3D(1, 0, 0, 0, 1, 0, 0, 0, 1, 3.3309698, -0.08248001, -0.75820565)

[node name="Daisies4" parent="Natural" index="16" instance=ExtResource("7_rgmr2")]
transform = Transform3D(-0.94502735, 0.03928469, 0.32462272, 0.1313967, 0.9547019, 0.26698163, -0.29942966, 0.2949593, -0.9073813, 4.540712, -0.04089892, -0.47417045)

[node name="Daisies2" parent="Natural" index="17" instance=ExtResource("7_rgmr2")]
transform = Transform3D(0.5770496, -0.12626818, 0.80688924, 0.33755606, 0.9365145, -0.094851464, -0.7436866, 0.32710433, 0.5830378, -4.7585874, 0.43638128, -1.0423813)

[node name="Daisies5" parent="Natural" index="18" instance=ExtResource("7_rgmr2")]
transform = Transform3D(1, 0, 0, 0, 0.9189496, -0.39437503, 0, 0.39437503, 0.9189496, -2.0617511, -1.4219651, 5.5990376)

[node name="Daisies6" parent="Natural" index="19" instance=ExtResource("7_rgmr2")]
transform = Transform3D(-0.53548336, -0.1274027, -0.8348809, -0.42880017, 0.89267194, 0.13880609, 0.7275905, 0.43232542, -0.5326413, -3.5537817, -1.243164, 4.87862)

[node name="Daisies7" parent="Natural" index="20" instance=ExtResource("7_rgmr2")]
transform = Transform3D(1, 0, 0, 0, 1, 0, 0, 0, 1, -5.495945, -1.6629683, 5.8459907)

[node name="RockDecal" type="Decal" parent="Natural" index="21"]
transform = Transform3D(1, 0, 0, 0, 1, 0, 0, 0, 0.99999994, -10.582555, 0.35652763, 5.836824)
visible = false
size = Vector3(5, 3, 5)
texture_albedo = ExtResource("12_judrx")
albedo_mix = 0.9
distance_fade_enabled = true
distance_fade_begin = 20.0
distance_fade_length = 2.0
cull_mask = 1047556

[node name="RockDecal6" type="Decal" parent="Natural" index="22"]
transform = Transform3D(0.39057052, -0.6475035, -0.65436536, -3.7252903e-08, 0.7108239, -0.7033697, 0.920573, 0.27471542, 0.27762675, 15.063191, 2.627101, -4.836332)
visible = false
size = Vector3(7, 5, 7)
texture_albedo = ExtResource("12_judrx")
albedo_mix = 0.9
distance_fade_enabled = true
distance_fade_begin = 20.0
distance_fade_length = 2.0
cull_mask = 1047556

[node name="RockDecal3" type="Decal" parent="Natural" index="23"]
transform = Transform3D(0.99789226, -0.04118342, 0.05014916, 0.06392696, 0.49107724, -0.868767, 0.011151696, 0.870142, 0.4926753, -1.6265597, 2.3887727, -4.421972)
visible = false
size = Vector3(6, 2, 6)
texture_albedo = ExtResource("12_judrx")
albedo_mix = 0.9
distance_fade_enabled = true
distance_fade_begin = 20.0
distance_fade_length = 2.0
cull_mask = 1047556

[node name="RockDecal2" type="Decal" parent="Natural" index="24"]
transform = Transform3D(1, 0, 0, 0, 0.95343316, 0.3016045, 0, -0.3016045, 0.95343316, -2.3867238, -0.9443433, 11.993877)
visible = false
size = Vector3(5, 3, 5)
texture_albedo = ExtResource("12_judrx")
distance_fade_enabled = true
distance_fade_begin = 20.0
distance_fade_length = 2.0
cull_mask = 1047556

[node name="MoonPivot" type="Marker3D" parent="." index="8"]
transform = Transform3D(0.7071067, -0.15906441, 0.6889837, 0, 0.97437006, 0.22495104, -0.7071067, -0.15906441, 0.6889837, 0, 0, 0)

[node name="Moon" type="MeshInstance3D" parent="MoonPivot" index="0"]
transform = Transform3D(1, 0, 0, 0, 1, 0, 0, 0, 1, 0, 0, 160)
cast_shadow = 0
mesh = SubResource("QuadMesh_5x773")

[node name="Billboards" type="Node3D" parent="." index="9"]

[node name="TreeB_B" parent="Billboards" index="0" instance=ExtResource("16_iqvk5")]
transform = Transform3D(-1.327805, 0, -2.6901548, 0, 3, 0, 2.6901548, 0, -1.327805, -24.76035, 11.24815, 4.747126)

[node name="TreeB_C2" parent="Billboards" index="1" instance=ExtResource("17_8gts6")]
transform = Transform3D(-0.9053628, 0, 2.8601255, 0, 3, 0, -2.8601255, 0, -0.9053628, -27.581322, 5.448487, 16.522753)

[node name="TreeB_C3" parent="Billboards" index="2" instance=ExtResource("17_8gts6")]
transform = Transform3D(2.0429187, -0.9915034, 1.9604602, 1.3098872, 2.698925, 0, -1.7637116, 0.8559939, 2.270814, -15.626822, 11.149727, -12.865395)

[node name="BambooB_A" parent="Billboards" index="3" instance=ExtResource("17_judrx")]
transform = Transform3D(0.0073653613, 0, -1.9999864, 0, 2, 0, 1.9999864, 0, 0.0073653613, -23.205238, 5.672289, 11.321641)

[node name="BambooB_A2" parent="Billboards" index="4" instance=ExtResource("17_judrx")]
transform = Transform3D(-1.1724634, 0, 2.1170096, 0, 2.42, 0, -2.1170096, 0, -1.1724634, -24.300455, 6.888706, 14.807833)

[node name="TreeB_B2" parent="Billboards" index="5" instance=ExtResource("16_iqvk5")]
transform = Transform3D(1.4210556, 0, 2.2189696, 0, 2.635, 0, -2.2189696, 0, 1.4210556, -20.669695, 4.854571, -2.345151)

[node name="TreeB_B3" parent="Billboards" index="6" instance=ExtResource("16_iqvk5")]
transform = Transform3D(2.6260412, 0, -0.21709979, 0, 2.635, 0, 0.21709979, 0, 2.6260412, 8.670503, 5.660459, -12.941602)

[node name="TreeB_B4" parent="Billboards" index="7" instance=ExtResource("16_iqvk5")]
transform = Transform3D(1.8696018, 0, -0.71034443, 0, 2, 0, 0.71034443, 0, 1.8696018, -8.359807, 2.5360322, 25.782415)

[node name="Doodad" parent="." index="10" instance=ExtResource("18_judrx")]
transform = Transform3D(0.8584859, 0, 0.5128372, 0, 1, 0, -0.5128372, 0, 0.8584859, -6.0476594, -0.3972426, 0.71359944)

[node name="Doodad2" parent="." index="11" instance=ExtResource("18_judrx")]
transform = Transform3D(0.032597005, 0, 0.9994685, 0, 1, 0, -0.9994685, 0, 0.032597005, -4.958689, -1.9280795, 7.82456)
owned_by_player = false
